1.0000 0.9599 0.9321 0.9489 0.8628 0.8579 0.9511 0.9473 0.9264 0.9492
0.9599 1.0000 0.9244 0.9523 0.8634 0.8552 0.9551 0.9465 0.9130 0.9491
0.9321 0.9244 1.0000 0.9207 0.8783 0.8781 0.9410 0.9349 0.9453 0.9418
0.9489 0.9523 0.9207 1.0000 0.8712 0.8581 0.9534 0.9448 0.9128 0.9520
0.8628 0.8634 0.8783 0.8712 1.0000 0.9525 0.8691 0.9037 0.8900 0.8902
0.8579 0.8552 0.8781 0.8581 0.9525 1.0000 0.8607 0.8953 0.8943 0.8800
0.9511 0.9551 0.9410 0.9534 0.8691 0.8607 1.0000 0.9445 0.9209 0.9537
0.9473 0.9465 0.9349 0.9448 0.9037 0.8953 0.9445 1.0000 0.9365 0.9591
0.9264 0.9130 0.9453 0.9128 0.8900 0.8943 0.9209 0.9365 1.0000 0.9382
0.9492 0.9491 0.9418 0.9520 0.8902 0.8800 0.9537 0.9591 0.9382 1.0000
