1.0000	0.9796	0.9753	0.9805	0.9824	0.9807	0.9809	0.9811	0.9819	0.9807
0.9796	1.0000	0.9819	0.9803	0.9826	0.9773	0.9789	0.9822	0.9769	0.9823
0.9753	0.9819	1.0000	0.9750	0.9784	0.9727	0.9752	0.9824	0.9711	0.9806
0.9805	0.9803	0.9750	1.0000	0.9824	0.9817	0.9824	0.9796	0.9805	0.9798
0.9824	0.9826	0.9784	0.9824	1.0000	0.9813	0.9826	0.9822	0.9811	0.9825
0.9807	0.9773	0.9727	0.9817	0.9813	1.0000	0.9832	0.9777	0.9814	0.9786
0.9809	0.9789	0.9752	0.9824	0.9826	0.9832	1.0000	0.9801	0.9804	0.9802
0.9811	0.9822	0.9824	0.9796	0.9822	0.9777	0.9801	1.0000	0.9770	0.9831
0.9819	0.9769	0.9711	0.9805	0.9811	0.9814	0.9804	0.9770	1.0000	0.9780
0.9807	0.9823	0.9806	0.9798	0.9825	0.9786	0.9802	0.9831	0.9780	1.0000
