1 1 (0) 1 : 0.386 0.029 0.231 0.354
2 2 (0) 1 : 0.314 0.119 0.167 0.400
3 3 (0) 1 : 0.317 0.107 0.201 0.375
4 4 (0) 1 : 0.209 0.037 0.543 0.211
5 5 (1) 1 : 0.025 0.941 0.018 0.016
6 6 (0) 1 : 0.315 0.233 0.353 0.098
7 7 (0) 1 : 0.252 0.236 0.320 0.192
8 8 (0) 1 : 0.464 0.027 0.219 0.290
9 9 (0) 1 : 0.220 0.313 0.216 0.251
10 10 (0) 1 : 0.193 0.499 0.095 0.212
11 11 (0) 1 : 0.151 0.082 0.554 0.213
12 12 (0) 1 : 0.376 0.151 0.389 0.084
13 13 (0) 1 : 0.443 0.042 0.308 0.207
14 14 (0) 1 : 0.188 0.499 0.267 0.047
15 15 (0) 1 : 0.184 0.471 0.281 0.064
16 16 (0) 1 : 0.313 0.139 0.327 0.221
17 17 (0) 1 : 0.506 0.126 0.333 0.035
18 18 (2) 1 : 0.438 0.041 0.178 0.343
19 19 (1) 1 : 0.402 0.088 0.287 0.224
20 20 (0) 1 : 0.287 0.293 0.365 0.055
21 21 (1) 1 : 0.246 0.300 0.265 0.190
22 22 (0) 1 : 0.288 0.109 0.163 0.441
23 23 (0) 1 : 0.265 0.348 0.195 0.192
24 24 (0) 1 : 0.086 0.024 0.074 0.816
25 25 (0) 1 : 0.306 0.296 0.252 0.146
26 26 (0) 1 : 0.258 0.158 0.157 0.427
27 27 (1) 1 : 0.271 0.079 0.568 0.082
28 28 (0) 1 : 0.050 0.043 0.055 0.853
29 29 (0) 1 : 0.396 0.098 0.311 0.195
30 30 (0) 1 : 0.121 0.732 0.077 0.069
31 31 (0) 1 : 0.349 0.065 0.369 0.217
32 32 (0) 1 : 0.318 0.185 0.187 0.311
33 33 (1) 1 : 0.239 0.148 0.208 0.405
34 34 (0) 1 : 0.177 0.560 0.158 0.104
35 35 (0) 1 : 0.264 0.098 0.169 0.468
36 36 (0) 1 : 0.275 0.226 0.343 0.157
37 37 (0) 1 : 0.103 0.139 0.101 0.658
38 38 (0) 1 : 0.097 0.458 0.066 0.379
39 39 (0) 1 : 0.552 0.133 0.217 0.098
40 40 (0) 1 : 0.233 0.369 0.319 0.080
41 41 (1) 1 : 0.359 0.055 0.476 0.110
42 42 (0) 1 : 0.052 0.845 0.074 0.029
43 43 (0) 1 : 0.456 0.061 0.254 0.228
44 44 (6) 1 : 0.436 0.050 0.344 0.170
45 45 (1) 1 : 0.168 0.397 0.126 0.308
46 46 (0) 1 : 0.243 0.106 0.136 0.516
47 47 (0) 1 : 0.087 0.074 0.097 0.742
48 48 (0) 1 : 0.565 0.058 0.191 0.186
49 49 (0) 1 : 0.174 0.043 0.361 0.422
50 50 (0) 1 : 0.532 0.037 0.380 0.052
51 51 (2) 1 : 0.085 0.753 0.101 0.061
52 52 (0) 1 : 0.045 0.856 0.051 0.047
53 53 (1) 1 : 0.098 0.053 0.069 0.780
54 54 (0) 1 : 0.198 0.089 0.112 0.601
55 55 (3) 1 : 0.514 0.098 0.302 0.086
56 56 (0) 1 : 0.100 0.109 0.112 0.678
57 57 (0) 1 : 0.135 0.028 0.102 0.734
58 58 (0) 1 : 0.115 0.706 0.105 0.074
59 59 (0) 1 : 0.233 0.029 0.140 0.598
60 60 (1) 1 : 0.261 0.153 0.439 0.147
61 61 (0) 1 : 0.278 0.078 0.135 0.509
62 62 (0) 1 : 0.497 0.053 0.305 0.146
63 63 (0) 1 : 0.104 0.250 0.123 0.523
64 64 (2) 1 : 0.289 0.111 0.438 0.162
65 65 (0) 1 : 0.492 0.065 0.277 0.166
66 66 (3) 1 : 0.291 0.347 0.294 0.067
67 67 (0) 1 : 0.103 0.050 0.131 0.716
68 68 (1) 1 : 0.322 0.094 0.137 0.447
69 69 (2) 1 : 0.099 0.267 0.082 0.552
70 70 (0) 1 : 0.338 0.053 0.279 0.330
71 71 (0) 1 : 0.389 0.061 0.320 0.231
72 72 (4) 1 : 0.358 0.038 0.440 0.164
73 73 (0) 1 : 0.320 0.232 0.116 0.333
74 74 (0) 1 : 0.189 0.046 0.709 0.056
75 75 (0) 1 : 0.252 0.171 0.259 0.319
76 76 (0) 1 : 0.099 0.071 0.091 0.739
77 77 (1) 1 : 0.029 0.926 0.026 0.019
78 78 (0) 1 : 0.574 0.063 0.238 0.124
79 79 (2) 1 : 0.443 0.092 0.236 0.229
80 80 (1) 1 : 0.067 0.718 0.097 0.119
81 81 (2) 1 : 0.212 0.482 0.179 0.127
82 82 (1) 1 : 0.135 0.028 0.126 0.712
83 83 (0) 1 : 0.239 0.066 0.183 0.513
84 84 (0) 1 : 0.399 0.209 0.290 0.103
85 85 (5) 1 : 0.331 0.052 0.318 0.299
86 86 (0) 1 : 0.335 0.161 0.461 0.042
87 87 (1) 1 : 0.172 0.057 0.267 0.503
88 88 (0) 2 : 0.068 0.847 0.041 0.043
89 89 (0) 2 : 0.459 0.115 0.285 0.141
90 90 (0) 2 : 0.038 0.905 0.033 0.025
91 91 (1) 2 : 0.288 0.023 0.297 0.392
92 92 (0) 2 : 0.112 0.081 0.087 0.719
93 93 (0) 2 : 0.062 0.026 0.094 0.817
94 94 (0) 2 : 0.381 0.176 0.379 0.064
95 95 (0) 2 : 0.528 0.174 0.238 0.060
96 96 (0) 2 : 0.313 0.104 0.484 0.099
97 97 (0) 2 : 0.056 0.198 0.040 0.707
98 98 (0) 2 : 0.421 0.052 0.348 0.180
99 99 (0) 2 : 0.173 0.113 0.136 0.578
100 100 (1) 2 : 0.482 0.072 0.308 0.138
101 101 (0) 2 : 0.123 0.559 0.130 0.188
102 102 (0) 2 : 0.384 0.113 0.393 0.109
103 103 (0) 2 : 0.311 0.202 0.216 0.270
104 104 (0) 2 : 0.220 0.050 0.116 0.614
105 105 (0) 2 : 0.084 0.190 0.170 0.556
106 106 (0) 2 : 0.025 0.913 0.022 0.040
107 107 (1) 2 : 0.201 0.154 0.431 0.214
108 108 (0) 2 : 0.232 0.098 0.289 0.382
109 109 (0) 2 : 0.245 0.232 0.481 0.042
110 110 (0) 2 : 0.111 0.324 0.072 0.492
111 111 (1) 2 : 0.139 0.131 0.100 0.630
112 112 (2) 2 : 0.379 0.154 0.376 0.091
113 113 (0) 2 : 0.132 0.649 0.138 0.082
114 114 (3) 2 : 0.571 0.068 0.214 0.147
115 115 (1) 2 : 0.204 0.090 0.175 0.531
116 116 (0) 2 : 0.457 0.137 0.280 0.127
117 117 (0) 2 : 0.348 0.206 0.343 0.103
118 118 (0) 2 : 0.487 0.045 0.242 0.227
119 119 (2) 2 : 0.306 0.074 0.528 0.092
120 120 (0) 2 : 0.070 0.025 0.070 0.835
121 121 (0) 2 : 0.480 0.066 0.386 0.068
122 122 (0) 2 : 0.343 0.093 0.299 0.265
123 123 (0) 2 : 0.305 0.034 0.414 0.247
124 124 (0) 2 : 0.357 0.182 0.370 0.091
125 125 (0) 2 : 0.316 0.144 0.087 0.453
126 126 (1) 2 : 0.093 0.705 0.139 0.063
127 127 (0) 2 : 0.292 0.061 0.553 0.094
128 128 (1) 2 : 0.102 0.070 0.121 0.707
129 129 (0) 2 : 0.271 0.356 0.090 0.283
130 130 (2) 2 : 0.539 0.065 0.348 0.047
131 131 (0) 2 : 0.300 0.114 0.243 0.343
132 132 (1) 2 : 0.130 0.059 0.210 0.601
133 133 (0) 2 : 0.470 0.040 0.324 0.166
134 134 (0) 2 : 0.359 0.120 0.324 0.196
135 135 (1) 2 : 0.044 0.037 0.046 0.872
136 136 (3) 2 : 0.378 0.060 0.344 0.218
137 137 (0) 2 : 0.233 0.232 0.457 0.078
138 138 (0) 2 : 0.114 0.723 0.122 0.040
139 139 (2) 2 : 0.601 0.040 0.221 0.139
140 140 (2) 2 : 0.418 0.148 0.309 0.125
141 141 (0) 2 : 0.226 0.363 0.212 0.199
142 142 (0) 2 : 0.201 0.341 0.206 0.252
143 143 (0) 2 : 0.086 0.076 0.092 0.746
144 144 (0) 2 : 0.614 0.030 0.230 0.126
145 145 (0) 2 : 0.356 0.047 0.532 0.065
146 146 (1) 2 : 0.135 0.100 0.083 0.682
147 147 (0) 2 : 0.250 0.090 0.469 0.192
148 148 (0) 2 : 0.307 0.030 0.446 0.216
149 149 (1) 2 : 0.219 0.097 0.127 0.557
150 150 (1) 2 : 0.164 0.083 0.213 0.540
151 151 (0) 2 : 0.488 0.145 0.160 0.207
152 152 (0) 2 : 0.166 0.071 0.607 0.155
153 153 (0) 2 : 0.053 0.047 0.048 0.852
154 154 (1) 2 : 0.493 0.097 0.334 0.076
155 155 (0) 2 : 0.289 0.127 0.225 0.358
156 156 (1) 2 : 0.254 0.142 0.340 0.264
157 157 (0) 2 : 0.264 0.103 0.312 0.321
158 158 (0) 2 : 0.357 0.030 0.330 0.283
159 159 (0) 2 : 0.304 0.057 0.586 0.053
160 160 (0) 2 : 0.206 0.088 0.329 0.378
161 161 (0) 2 : 0.258 0.037 0.257 0.448
162 162 (0) 2 : 0.232 0.085 0.497 0.186
163 163 (0) 2 : 0.144 0.057 0.140 0.659
164 164 (0) 2 : 0.424 0.045 0.415 0.117
165 165 (0) 2 : 0.318 0.034 0.413 0.235
166 166 (0) 2 : 0.409 0.080 0.390 0.122
167 167 (1) 2 : 0.223 0.117 0.169 0.491
168 168 (0) 2 : 0.446 0.096 0.304 0.154
169 169 (0) 2 : 0.025 0.929 0.030 0.016
170 170 (0) 2 : 0.081 0.079 0.098 0.743
171 171 (0) 2 : 0.322 0.041 0.513 0.124
172 172 (0) 2 : 0.137 0.346 0.107 0.411
173 173 (0) 2 : 0.039 0.879 0.044 0.038
174 174 (0) 2 : 0.368 0.056 0.325 0.252
175 175 (0) 2 : 0.385 0.053 0.456 0.106
176 176 (0) 2 : 0.126 0.115 0.108 0.651
177 177 (0) 2 : 0.064 0.020 0.068 0.847
178 178 (0) 2 : 0.191 0.064 0.713 0.031
179 179 (0) 2 : 0.238 0.030 0.193 0.540
180 180 (0) 2 : 0.052 0.850 0.039 0.059
181 181 (0) 2 : 0.445 0.073 0.373 0.108
182 182 (0) 2 : 0.466 0.183 0.207 0.145
183 183 (0) 2 : 0.421 0.053 0.403 0.124
184 184 (0) 2 : 0.132 0.636 0.089 0.143
185 185 (1) 2 : 0.612 0.018 0.156 0.214
186 186 (0) 2 : 0.149 0.118 0.095 0.638
187 187 (0) 2 : 0.277 0.036 0.590 0.098
188 188 (0) 2 : 0.324 0.061 0.376 0.239
189 189 (0) 2 : 0.256 0.231 0.149 0.364
190 190 (0) 2 : 0.112 0.053 0.101 0.734
191 191 (0) 2 : 0.124 0.046 0.231 0.599
192 192 (0) 2 : 0.350 0.051 0.545 0.054
193 193 (1) 2 : 0.271 0.163 0.375 0.191
194 194 (0) 2 : 0.319 0.033 0.568 0.080
195 195 (0) 2 : 0.080 0.796 0.089 0.035
196 196 (0) 2 : 0.449 0.058 0.444 0.049
197 197 (0) 2 : 0.258 0.087 0.175 0.480
198 198 (0) 2 : 0.083 0.751 0.091 0.076
199 199 (0) 2 : 0.548 0.039 0.273 0.140
200 200 (0) 2 : 0.116 0.108 0.098 0.678
201 201 (0) 2 : 0.369 0.042 0.467 0.123
202 202 (0) 2 : 0.054 0.020 0.074 0.853
203 203 (0) 2 : 0.368 0.063 0.386 0.183
204 204 (0) 2 : 0.415 0.063 0.289 0.234
205 205 (0) 2 : 0.327 0.168 0.358 0.147
206 206 (0) 2 : 0.056 0.842 0.054 0.048
207 207 (0) 2 : 0.273 0.320 0.266 0.141
208 208 (0) 2 : 0.313 0.051 0.551 0.084
209 209 (0) 2 : 0.157 0.522 0.073 0.248
210 210 (0) 2 : 0.048 0.861 0.061 0.030
211 211 (0) 2 : 0.329 0.225 0.229 0.216
212 212 (1) 2 : 0.141 0.217 0.124 0.517
213 213 (1) 2 : 0.535 0.052 0.272 0.141
214 214 (0) 2 : 0.202 0.068 0.651 0.079
215 215 (0) 2 : 0.435 0.044 0.416 0.106
216 216 (0) 2 : 0.090 0.791 0.081 0.038
217 217 (0) 2 : 0.208 0.443 0.229 0.121
218 218 (0) 2 : 0.114 0.053 0.270 0.562
219 219 (0) 2 : 0.384 0.127 0.430 0.059
220 220 (0) 2 : 0.286 0.018 0.436 0.260
221 221 (0) 2 : 0.252 0.277 0.355 0.116
222 222 (0) 2 : 0.348 0.061 0.207 0.384
223 223 (0) 2 : 0.220 0.075 0.532 0.172
224 224 (0) 2 : 0.287 0.046 0.582 0.086
225 225 (0) 2 : 0.030 0.912 0.033 0.024
226 226 (0) 2 : 0.401 0.264 0.270 0.065
227 227 (1) 2 : 0.035 0.882 0.035 0.048
228 228 (0) 2 : 0.520 0.054 0.364 0.061
229 229 (1) 2 : 0.340 0.046 0.369 0.245
230 230 (0) 2 : 0.220 0.250 0.295 0.235
231 231 (0) 2 : 0.338 0.116 0.463 0.082
232 232 (1) 2 : 0.448 0.073 0.264 0.216
233 233 (0) 2 : 0.241 0.210 0.382 0.167
234 234 (0) 2 : 0.027 0.893 0.038 0.042
235 235 (0) 2 : 0.096 0.660 0.116 0.129
236 236 (1) 2 : 0.220 0.041 0.485 0.254
237 237 (0) 2 : 0.342 0.085 0.371 0.201
238 238 (0) 2 : 0.231 0.134 0.547 0.088
239 239 (0) 2 : 0.539 0.131 0.202 0.128
240 240 (0) 2 : 0.400 0.077 0.344 0.179
241 241 (0) 2 : 0.246 0.129 0.144 0.481
242 242 (0) 2 : 0.376 0.037 0.348 0.239
243 243 (0) 2 : 0.244 0.080 0.230 0.446
244 244 (0) 2 : 0.165 0.099 0.225 0.511
245 245 (0) 2 : 0.032 0.913 0.027 0.028
246 246 (0) 2 : 0.120 0.230 0.134 0.516
247 247 (0) 2 : 0.091 0.609 0.133 0.167
248 248 (0) 2 : 0.187 0.575 0.109 0.130
249 249 (0) 2 : 0.251 0.107 0.570 0.072
250 250 (0) 2 : 0.356 0.129 0.336 0.179
251 251 (0) 2 : 0.439 0.068 0.369 0.124
252 252 (0) 2 : 0.059 0.043 0.088 0.809
253 253 (0) 2 : 0.485 0.133 0.251 0.131
254 254 (0) 2 : 0.158 0.096 0.193 0.552
255 255 (0) 2 : 0.173 0.050 0.148 0.629
256 256 (0) 2 : 0.106 0.362 0.155 0.377
257 257 (0) 2 : 0.322 0.127 0.443 0.107
258 258 (0) 1 : 0.342 0.223 0.225 0.209
259 259 (1) 1 : 0.225 0.435 0.229 0.111
260 260 (0) 1 : 0.356 0.037 0.518 0.089
261 261 (0) 1 : 0.537 0.081 0.304 0.079
262 262 (0) 1 : 0.481 0.151 0.216 0.153
263 263 (0) 1 : 0.176 0.073 0.201 0.550
264 264 (0) 1 : 0.384 0.085 0.370 0.162
265 265 (0) 1 : 0.217 0.063 0.438 0.283
266 266 (0) 1 : 0.339 0.036 0.530 0.095
267 267 (0) 1 : 0.441 0.188 0.253 0.118
268 268 (1) 1 : 0.146 0.227 0.126 0.500
269 269 (1) 1 : 0.417 0.193 0.311 0.079
270 270 (0) 1 : 0.159 0.048 0.280 0.512
271 271 (0) 1 : 0.268 0.357 0.275 0.099
272 272 (0) 1 : 0.419 0.215 0.301 0.064
273 273 (0) 1 : 0.421 0.062 0.249 0.268
274 274 (0) 1 : 0.088 0.797 0.065 0.049
275 275 (0) 1 : 0.271 0.139 0.191 0.400
276 276 (0) 1 : 0.451 0.093 0.296 0.160
277 277 (0) 1 : 0.515 0.126 0.294 0.065
278 278 (0) 1 : 0.172 0.379 0.381 0.068
279 279 (0) 1 : 0.329 0.272 0.336 0.063
280 280 (0) 1 : 0.233 0.176 0.229 0.363
281 281 (0) 1 : 0.436 0.071 0.353 0.141
282 282 (0) 1 : 0.379 0.238 0.183 0.200
283 283 (0) 1 : 0.409 0.064 0.432 0.094
284 284 (0) 1 : 0.337 0.041 0.396 0.226
285 285 (0) 1 : 0.302 0.071 0.249 0.378
286 286 (0) 1 : 0.340 0.042 0.345 0.273
287 287 (0) 1 : 0.018 0.951 0.017 0.014
288 288 (0) 1 : 0.077 0.786 0.084 0.052
289 289 (0) 1 : 0.346 0.181 0.375 0.097
290 290 (1) 1 : 0.027 0.926 0.023 0.024
291 291 (0) 1 : 0.173 0.458 0.178 0.191
292 292 (1) 1 : 0.353 0.241 0.309 0.097
293 293 (0) 1 : 0.136 0.044 0.104 0.716
294 294 (0) 1 : 0.163 0.407 0.352 0.079
295 295 (0) 1 : 0.384 0.045 0.333 0.238
296 296 (0) 1 : 0.474 0.062 0.288 0.176
297 297 (0) 1 : 0.090 0.765 0.101 0.043
298 298 (0) 1 : 0.247 0.038 0.637 0.078
299 299 (0) 1 : 0.119 0.306 0.216 0.360
300 300 (0) 1 : 0.281 0.046 0.507 0.166
301 301 (0) 1 : 0.044 0.885 0.045 0.026
302 302 (0) 1 : 0.165 0.513 0.245 0.076
303 303 (0) 1 : 0.445 0.157 0.308 0.090
304 304 (0) 1 : 0.271 0.177 0.441 0.111
305 305 (0) 1 : 0.287 0.050 0.535 0.128
306 306 (0) 1 : 0.113 0.716 0.140 0.031
307 307 (1) 1 : 0.226 0.040 0.394 0.340
308 308 (0) 1 : 0.341 0.140 0.431 0.089
309 309 (1) 1 : 0.045 0.874 0.047 0.034
310 310 (0) 1 : 0.255 0.437 0.199 0.109
311 311 (0) 1 : 0.265 0.513 0.136 0.085
312 312 (0) 1 : 0.155 0.054 0.214 0.578
313 313 (0) 1 : 0.359 0.034 0.451 0.156
314 314 (0) 1 : 0.167 0.061 0.111 0.661
315 315 (0) 1 : 0.342 0.104 0.406 0.148
316 316 (0) 1 : 0.339 0.043 0.497 0.120
317 317 (0) 1 : 0.213 0.062 0.108 0.618
318 318 (0) 1 : 0.318 0.038 0.140 0.504
319 319 (1) 1 : 0.386 0.029 0.399 0.186
320 320 (0) 1 : 0.193 0.019 0.694 0.094
321 321 (0) 1 : 0.307 0.047 0.530 0.115
322 322 (0) 1 : 0.285 0.490 0.117 0.108
323 323 (0) 1 : 0.453 0.041 0.453 0.053
324 324 (0) 1 : 0.389 0.046 0.388 0.177
325 325 (0) 1 : 0.305 0.404 0.213 0.077
326 326 (0) 1 : 0.301 0.074 0.542 0.083
327 327 (0) 1 : 0.228 0.055 0.520 0.197
328 328 (1) 1 : 0.297 0.046 0.441 0.215
329 329 (0) 1 : 0.170 0.113 0.291 0.426
330 330 (0) 1 : 0.320 0.098 0.278 0.303
331 331 (0) 1 : 0.161 0.354 0.293 0.192
332 332 (0) 1 : 0.255 0.269 0.167 0.308
333 333 (0) 1 : 0.147 0.347 0.200 0.306
334 334 (0) 1 : 0.185 0.033 0.105 0.677
335 335 (0) 1 : 0.384 0.070 0.263 0.283
336 336 (0) 1 : 0.332 0.177 0.333 0.158
337 337 (0) 1 : 0.177 0.510 0.205 0.109
338 338 (0) 1 : 0.293 0.193 0.161 0.353
339 339 (0) 1 : 0.317 0.133 0.387 0.162
340 340 (0) 1 : 0.084 0.064 0.078 0.773
341 341 (0) 1 : 0.117 0.107 0.084 0.692
342 342 (0) 1 : 0.216 0.224 0.247 0.314
343 343 (0) 1 : 0.308 0.087 0.205 0.400
344 344 (0) 1 : 0.225 0.210 0.174 0.391
345 345 (1) 1 : 0.393 0.192 0.353 0.062
346 346 (0) 1 : 0.181 0.259 0.368 0.192
347 347 (0) 1 : 0.337 0.308 0.239 0.116
348 348 (0) 1 : 0.096 0.247 0.121 0.537
349 349 (0) 1 : 0.294 0.075 0.185 0.446
350 350 (0) 1 : 0.275 0.109 0.514 0.101
351 351 (0) 1 : 0.288 0.169 0.201 0.342
352 352 (0) 1 : 0.403 0.085 0.348 0.164
353 353 (0) 1 : 0.330 0.044 0.413 0.213
354 354 (0) 1 : 0.166 0.324 0.098 0.412
355 355 (0) 1 : 0.302 0.102 0.143 0.452
356 356 (0) 1 : 0.356 0.064 0.367 0.213
357 357 (0) 1 : 0.211 0.136 0.570 0.083
358 358 (0) 1 : 0.353 0.063 0.452 0.131
359 359 (0) 1 : 0.261 0.258 0.447 0.034
360 360 (0) 1 : 0.255 0.281 0.252 0.212
361 361 (0) 1 : 0.244 0.059 0.633 0.065
362 362 (0) 1 : 0.390 0.061 0.471 0.078
363 363 (0) 1 : 0.251 0.192 0.161 0.397
364 364 (1) 1 : 0.214 0.058 0.209 0.519
365 365 (0) 1 : 0.437 0.030 0.416 0.117
366 366 (0) 1 : 0.258 0.050 0.305 0.387
367 367 (0) 1 : 0.453 0.147 0.278 0.122
368 368 (1) 1 : 0.504 0.125 0.299 0.071
369 369 (0) 1 : 0.206 0.378 0.141 0.276
370 370 (0) 1 : 0.096 0.740 0.075 0.089
371 371 (0) 1 : 0.061 0.811 0.079 0.049
372 372 (2) 1 : 0.039 0.901 0.033 0.026
373 373 (0) 1 : 0.209 0.479 0.247 0.065
374 374 (0) 1 : 0.408 0.037 0.292 0.262
375 375 (0) 1 : 0.317 0.119 0.449 0.114
376 376 (0) 1 : 0.207 0.563 0.129 0.102
377 377 (0) 1 : 0.262 0.038 0.248 0.451
378 378 (0) 1 : 0.480 0.038 0.209 0.272
379 379 (0) 1 : 0.164 0.483 0.183 0.170
380 380 (1) 1 : 0.391 0.032 0.454 0.123
381 381 (0) 1 : 0.444 0.150 0.334 0.073
382 382 (0) 1 : 0.051 0.869 0.052 0.028
383 383 (0) 1 : 0.308 0.219 0.424 0.049
384 384 (0) 1 : 0.292 0.380 0.136 0.192
385 385 (0) 1 : 0.259 0.309 0.387 0.045
386 386 (0) 1 : 0.362 0.175 0.322 0.141
387 387 (0) 1 : 0.174 0.384 0.387 0.055
388 388 (0) 1 : 0.200 0.314 0.131 0.355
389 389 (0) 1 : 0.185 0.044 0.710 0.060
390 390 (0) 1 : 0.354 0.036 0.413 0.197
391 391 (0) 1 : 0.130 0.459 0.139 0.272
392 392 (0) 1 : 0.243 0.343 0.182 0.232
393 393 (0) 1 : 0.217 0.091 0.391 0.301
394 394 (1) 1 : 0.410 0.112 0.400 0.078
395 395 (0) 1 : 0.420 0.094 0.176 0.311
396 396 (0) 1 : 0.270 0.061 0.551 0.118
397 397 (0) 1 : 0.289 0.348 0.281 0.082
398 398 (0) 1 : 0.077 0.723 0.081 0.119
399 399 (0) 1 : 0.355 0.263 0.215 0.166
400 400 (0) 1 : 0.419 0.157 0.254 0.170
401 401 (1) 1 : 0.052 0.872 0.027 0.048
402 402 (0) 1 : 0.178 0.038 0.188 0.596
403 403 (0) 1 : 0.274 0.188 0.202 0.336
404 404 (0) 1 : 0.285 0.045 0.241 0.429
405 405 (0) 1 : 0.215 0.373 0.367 0.045
406 406 (0) 1 : 0.264 0.119 0.260 0.357
407 407 (0) 1 : 0.423 0.072 0.446 0.059
408 408 (0) 1 : 0.299 0.117 0.226 0.358
409 409 (0) 1 : 0.288 0.088 0.571 0.053
410 410 (0) 1 : 0.040 0.892 0.042 0.026
411 411 (0) 1 : 0.148 0.622 0.145 0.085
412 412 (0) 1 : 0.175 0.157 0.269 0.400
413 413 (0) 1 : 0.355 0.066 0.536 0.043
414 414 (0) 1 : 0.186 0.409 0.091 0.314
415 415 (0) 1 : 0.413 0.042 0.325 0.220
416 416 (0) 1 : 0.320 0.108 0.330 0.242
417 417 (0) 1 : 0.204 0.037 0.579 0.181
418 418 (0) 1 : 0.396 0.201 0.288 0.115
419 419 (0) 1 : 0.218 0.446 0.265 0.071
420 420 (0) 1 : 0.391 0.048 0.209 0.353
421 421 (0) 1 : 0.215 0.167 0.276 0.342
422 422 (0) 1 : 0.043 0.881 0.035 0.041
423 423 (0) 1 : 0.228 0.057 0.679 0.037
424 424 (0) 1 : 0.484 0.038 0.391 0.087
425 425 (0) 1 : 0.027 0.843 0.031 0.100
426 426 (0) 1 : 0.390 0.119 0.388 0.103
427 427 (0) 1 : 0.353 0.258 0.270 0.118
428 428 (0) 1 : 0.030 0.916 0.025 0.029
429 429 (0) 1 : 0.209 0.040 0.640 0.112
430 430 (0) 1 : 0.486 0.122 0.343 0.049
431 431 (0) 1 : 0.173 0.529 0.161 0.136
432 432 (0) 1 : 0.051 0.856 0.043 0.050
433 433 (0) 1 : 0.041 0.876 0.037 0.046
434 434 (0) 1 : 0.250 0.272 0.441 0.036
435 435 (0) 1 : 0.591 0.028 0.215 0.166
436 436 (0) 1 : 0.317 0.057 0.586 0.040
437 437 (0) 1 : 0.105 0.651 0.179 0.065
438 438 (0) 1 : 0.296 0.409 0.183 0.112
439 439 (0) 1 : 0.512 0.097 0.300 0.092
440 440 (0) 1 : 0.065 0.776 0.088 0.071
441 441 (0) 1 : 0.542 0.035 0.269 0.154
442 442 (0) 1 : 0.580 0.080 0.238 0.102
443 443 (0) 1 : 0.319 0.026 0.107 0.549
444 444 (0) 1 : 0.249 0.153 0.541 0.057
445 445 (0) 1 : 0.421 0.146 0.364 0.069
446 446 (0) 2 : 0.147 0.079 0.180 0.593
447 447 (0) 2 : 0.395 0.080 0.401 0.123
448 448 (0) 2 : 0.367 0.081 0.498 0.053
449 449 (0) 2 : 0.107 0.705 0.111 0.077
450 450 (0) 2 : 0.108 0.711 0.080 0.102
451 451 (0) 2 : 0.046 0.876 0.047 0.032
452 452 (0) 2 : 0.290 0.310 0.138 0.263
453 453 (0) 2 : 0.159 0.044 0.140 0.657
454 454 (0) 2 : 0.056 0.862 0.045 0.036
455 455 (0) 2 : 0.393 0.053 0.466 0.088
456 456 (0) 2 : 0.064 0.854 0.054 0.028
457 457 (0) 2 : 0.554 0.066 0.307 0.073
458 458 (0) 2 : 0.154 0.185 0.169 0.492
459 459 (0) 2 : 0.296 0.028 0.240 0.436
460 460 (2) 2 : 0.252 0.454 0.173 0.121
461 461 (1) 2 : 0.210 0.355 0.177 0.257
462 462 (3) 2 : 0.252 0.443 0.146 0.158
463 463 (1) 2 : 0.089 0.711 0.113 0.087
464 464 (3) 2 : 0.271 0.040 0.636 0.053
465 465 (3) 2 : 0.400 0.075 0.451 0.075
466 466 (0) 2 : 0.412 0.236 0.239 0.113
467 467 (1) 2 : 0.429 0.062 0.399 0.110
468 468 (0) 2 : 0.233 0.073 0.635 0.059
469 469 (0) 2 : 0.094 0.770 0.082 0.054
470 470 (3) 2 : 0.122 0.571 0.188 0.119
471 471 (1) 2 : 0.260 0.345 0.211 0.184
472 472 (1) 2 : 0.599 0.114 0.196 0.091
473 473 (2) 2 : 0.490 0.043 0.350 0.116
474 474 (0) 2 : 0.169 0.049 0.174 0.608
475 475 (1) 2 : 0.053 0.697 0.055 0.195
476 476 (2) 2 : 0.320 0.032 0.209 0.438
477 477 (3) 2 : 0.526 0.147 0.218 0.109
478 478 (0) 2 : 0.282 0.071 0.169 0.478
479 479 (0) 2 : 0.338 0.035 0.530 0.097
480 480 (0) 2 : 0.387 0.204 0.294 0.115
481 481 (2) 2 : 0.292 0.292 0.139 0.277
482 482 (3) 2 : 0.324 0.028 0.524 0.124
483 483 (3) 2 : 0.407 0.070 0.472 0.052
484 484 (3) 2 : 0.342 0.076 0.331 0.250
485 485 (2) 2 : 0.120 0.673 0.142 0.065
486 486 (2) 2 : 0.215 0.469 0.233 0.083
487 487 (1) 2 : 0.240 0.147 0.184 0.429
488 488 (3) 2 : 0.378 0.091 0.361 0.170
489 489 (0) 2 : 0.504 0.052 0.222 0.222
490 490 (2) 2 : 0.386 0.119 0.320 0.174
491 491 (4) 2 : 0.139 0.150 0.109 0.603
492 492 (4) 2 : 0.093 0.032 0.085 0.790
493 493 (3) 2 : 0.333 0.157 0.424 0.086
494 494 (3) 2 : 0.044 0.880 0.043 0.032
495 495 (3) 2 : 0.119 0.205 0.129 0.546
496 496 (0) 2 : 0.296 0.107 0.250 0.348
497 497 (5) 2 : 0.317 0.134 0.285 0.263
498 498 (3) 2 : 0.344 0.258 0.163 0.235
499 499 (1) 2 : 0.417 0.065 0.268 0.250
500 500 (1) 2 : 0.420 0.040 0.369 0.170
501 501 (3) 2 : 0.244 0.495 0.143 0.118
502 502 (1) 2 : 0.192 0.262 0.489 0.057
503 503 (4) 2 : 0.385 0.070 0.497 0.048
504 504 (1) 2 : 0.275 0.369 0.306 0.050
505 505 (0) 2 : 0.157 0.291 0.193 0.359
506 506 (6) 2 : 0.344 0.089 0.168 0.398
507 507 (0) 2 : 0.429 0.192 0.258 0.121
508 508 (0) 2 : 0.306 0.113 0.473 0.109
509 509 (2) 2 : 0.033 0.875 0.035 0.056
510 510 (1) 2 : 0.342 0.051 0.381 0.226
511 511 (3) 2 : 0.087 0.181 0.085 0.647
512 512 (2) 2 : 0.078 0.776 0.112 0.033
513 513 (7) 2 : 0.132 0.232 0.102 0.535
514 514 (3) 2 : 0.082 0.589 0.105 0.224
515 515 (0) 2 : 0.411 0.095 0.329 0.164
516 516 (2) 2 : 0.252 0.263 0.315 0.170
517 517 (2) 2 : 0.287 0.297 0.122 0.295
518 518 (0) 2 : 0.296 0.064 0.511 0.130
519 519 (7) 2 : 0.117 0.074 0.086 0.724
520 520 (4) 2 : 0.195 0.237 0.097 0.471
521 521 (1) 2 : 0.232 0.230 0.167 0.371
522 522 (1) 2 : 0.469 0.153 0.307 0.071
523 523 (3) 2 : 0.228 0.070 0.570 0.132
524 524 (1) 2 : 0.344 0.053 0.539 0.064
525 525 (2) 2 : 0.189 0.202 0.249 0.360
526 526 (1) 2 : 0.192 0.123 0.292 0.393
527 527 (0) 2 : 0.258 0.060 0.324 0.358
528 528 (0) 2 : 0.244 0.054 0.593 0.108
529 529 (1) 2 : 0.507 0.049 0.318 0.125
530 530 (0) 2 : 0.315 0.041 0.597 0.047
531 531 (0) 2 : 0.329 0.059 0.565 0.046
532 532 (1) 2 : 0.474 0.039 0.391 0.097
533 533 (2) 2 : 0.324 0.029 0.358 0.289
534 534 (2) 2 : 0.440 0.096 0.350 0.114
535 535 (0) 2 : 0.331 0.078 0.189 0.402
536 536 (0) 2 : 0.092 0.043 0.086 0.779
537 537 (0) 2 : 0.270 0.042 0.206 0.482
538 538 (0) 2 : 0.405 0.068 0.471 0.055
539 539 (1) 2 : 0.241 0.077 0.575 0.107
540 540 (6) 2 : 0.519 0.082 0.191 0.208
541 541 (1) 2 : 0.299 0.074 0.430 0.197
542 542 (1) 2 : 0.261 0.209 0.340 0.189
543 543 (0) 2 : 0.295 0.272 0.333 0.101
544 544 (2) 2 : 0.334 0.063 0.349 0.254
545 545 (1) 2 : 0.163 0.608 0.191 0.038
546 546 (6) 2 : 0.376 0.025 0.512 0.086
547 547 (0) 2 : 0.356 0.167 0.438 0.039
548 548 (1) 2 : 0.382 0.187 0.180 0.251
549 549 (0) 2 : 0.414 0.062 0.439 0.085
550 550 (1) 2 : 0.077 0.774 0.064 0.085
551 551 (1) 2 : 0.168 0.081 0.118 0.632
552 552 (2) 2 : 0.502 0.133 0.269 0.095
553 553 (7) 2 : 0.258 0.104 0.447 0.192
554 554 (2) 2 : 0.375 0.055 0.414 0.156
555 555 (3) 2 : 0.369 0.053 0.248 0.331
556 556 (0) 2 : 0.084 0.088 0.083 0.745
557 557 (1) 2 : 0.205 0.568 0.129 0.098
558 558 (0) 2 : 0.082 0.194 0.059 0.666
559 559 (0) 2 : 0.580 0.039 0.302 0.080
560 560 (5) 2 : 0.329 0.140 0.244 0.287
561 561 (0) 2 : 0.339 0.036 0.577 0.048
562 562 (6) 2 : 0.219 0.075 0.246 0.460
563 563 (2) 2 : 0.375 0.107 0.252 0.266
564 564 (3) 2 : 0.131 0.322 0.143 0.403
565 565 (3) 2 : 0.315 0.141 0.333 0.211
566 566 (1) 2 : 0.544 0.093 0.269 0.095
567 567 (0) 2 : 0.474 0.038 0.390 0.098
568 568 (3) 2 : 0.222 0.141 0.259 0.379
569 569 (2) 2 : 0.471 0.072 0.304 0.153
570 570 (0) 2 : 0.470 0.094 0.372 0.064
571 571 (1) 2 : 0.533 0.031 0.388 0.049
572 572 (4) 2 : 0.176 0.075 0.240 0.510
573 573 (3) 2 : 0.217 0.478 0.116 0.189
574 574 (5) 2 : 0.302 0.257 0.246 0.194
575 575 (3) 2 : 0.261 0.040 0.210 0.489
576 576 (0) 2 : 0.261 0.099 0.377 0.262
577 577 (0) 2 : 0.057 0.859 0.058 0.027
578 578 (1) 2 : 0.468 0.051 0.421 0.060
579 579 (0) 2 : 0.074 0.788 0.051 0.087
580 580 (0) 2 : 0.340 0.025 0.299 0.336
581 581 (3) 2 : 0.340 0.082 0.463 0.116
582 582 (6) 2 : 0.285 0.041 0.392 0.282
583 583 (3) 2 : 0.193 0.053 0.245 0.509
584 584 (3) 2 : 0.299 0.101 0.316 0.284
585 585 (1) 2 : 0.598 0.095 0.183 0.124
586 586 (1) 2 : 0.268 0.023 0.568 0.141
587 587 (0) 2 : 0.027 0.911 0.036 0.025
588 588 (0) 2 : 0.139 0.253 0.086 0.522
589 589 (1) 2 : 0.416 0.099 0.234 0.251
590 590 (2) 2 : 0.265 0.016 0.675 0.044
591 591 (0) 2 : 0.333 0.074 0.409 0.184
592 592 (3) 2 : 0.287 0.085 0.515 0.114
593 593 (0) 2 : 0.333 0.156 0.145 0.367
594 594 (1) 2 : 0.515 0.054 0.278 0.153
595 595 (0) 2 : 0.210 0.115 0.125 0.550
596 596 (1) 2 : 0.289 0.135 0.408 0.168
597 597 (0) 2 : 0.384 0.091 0.259 0.266
598 598 (1) 2 : 0.437 0.100 0.367 0.096
599 599 (0) 2 : 0.306 0.088 0.501 0.105
600 600 (0) 2 : 0.267 0.057 0.167 0.509
601 601 (0) 2 : 0.294 0.048 0.389 0.269
602 602 (0) 2 : 0.295 0.115 0.511 0.079
603 603 (0) 2 : 0.297 0.046 0.170 0.486
604 604 (0) 2 : 0.287 0.066 0.386 0.261
605 605 (0) 2 : 0.175 0.036 0.076 0.713
606 606 (0) 2 : 0.302 0.092 0.218 0.388
607 607 (0) 2 : 0.456 0.075 0.388 0.081
608 608 (0) 2 : 0.215 0.041 0.691 0.053
609 609 (0) 2 : 0.104 0.068 0.151 0.677
610 610 (4) 2 : 0.045 0.813 0.039 0.103
611 611 (0) 2 : 0.280 0.323 0.105 0.292
612 612 (2) 2 : 0.359 0.069 0.369 0.203
613 613 (0) 2 : 0.460 0.098 0.232 0.210
614 614 (0) 2 : 0.385 0.171 0.389 0.055
615 615 (0) 2 : 0.395 0.024 0.285 0.295
616 616 (0) 2 : 0.237 0.173 0.277 0.313
617 617 (0) 2 : 0.369 0.068 0.299 0.264
618 618 (0) 2 : 0.361 0.142 0.436 0.061
619 619 (0) 2 : 0.297 0.049 0.225 0.429
620 620 (0) 2 : 0.178 0.196 0.095 0.531
621 621 (1) 2 : 0.270 0.125 0.297 0.308
622 622 (2) 2 : 0.218 0.081 0.107 0.594
623 623 (1) 2 : 0.282 0.097 0.513 0.109
624 624 (2) 2 : 0.399 0.086 0.376 0.138
625 625 (0) 2 : 0.325 0.175 0.424 0.076
626 626 (6) 2 : 0.479 0.056 0.264 0.202
627 627 (0) 2 : 0.243 0.196 0.194 0.367
628 628 (0) 2 : 0.022 0.935 0.021 0.021
629 629 (1) 2 : 0.110 0.176 0.183 0.531
630 630 (1) 2 : 0.155 0.039 0.137 0.669
631 631 (3) 2 : 0.590 0.044 0.284 0.082
632 632 (0) 2 : 0.048 0.038 0.065 0.850
633 633 (4) 2 : 0.478 0.054 0.290 0.178
634 634 (2) 2 : 0.111 0.384 0.107 0.398
635 635 (0) 2 : 0.264 0.030 0.295 0.412
636 636 (0) 2 : 0.221 0.532 0.102 0.145
637 637 (0) 2 : 0.328 0.142 0.217 0.313
638 638 (0) 2 : 0.328 0.061 0.403 0.208
639 639 (1) 2 : 0.470 0.122 0.255 0.153
640 640 (1) 2 : 0.244 0.403 0.249 0.104
641 641 (0) 2 : 0.190 0.357 0.091 0.361
642 642 (3) 2 : 0.302 0.148 0.414 0.136
643 643 (1) 2 : 0.421 0.065 0.158 0.356
644 644 (7) 2 : 0.383 0.028 0.492 0.096
645 645 (4) 2 : 0.409 0.130 0.331 0.131
646 646 (0) 2 : 0.306 0.039 0.382 0.273
647 647 (1) 2 : 0.277 0.045 0.611 0.067
648 648 (1) 2 : 0.259 0.107 0.191 0.443
649 649 (0) 2 : 0.249 0.062 0.528 0.161
650 650 (1) 2 : 0.260 0.024 0.538 0.177
651 651 (5) 2 : 0.057 0.839 0.042 0.062
652 652 (1) 2 : 0.207 0.160 0.342 0.291
653 653 (3) 2 : 0.304 0.099 0.186 0.411
654 654 (1) 2 : 0.270 0.129 0.517 0.084
655 655 (2) 2 : 0.334 0.302 0.221 0.143
656 656 (0) 2 : 0.396 0.046 0.406 0.151
657 657 (0) 2 : 0.291 0.069 0.250 0.389
658 658 (0) 2 : 0.347 0.075 0.394 0.184
659 659 (5) 2 : 0.366 0.019 0.238 0.377
660 660 (3) 2 : 0.396 0.165 0.292 0.147
661 661 (2) 2 : 0.191 0.029 0.326 0.454
662 662 (1) 2 : 0.269 0.107 0.130 0.494
663 663 (2) 2 : 0.252 0.329 0.179 0.239
664 664 (0) 2 : 0.259 0.050 0.239 0.452
665 665 (0) 2 : 0.206 0.117 0.166 0.510
666 666 (0) 2 : 0.078 0.794 0.073 0.055
667 667 (0) 2 : 0.180 0.385 0.187 0.247
668 668 (2) 2 : 0.244 0.289 0.365 0.102
669 669 (4) 2 : 0.356 0.144 0.415 0.084
670 670 (6) 2 : 0.429 0.050 0.487 0.035
671 671 (3) 2 : 0.073 0.034 0.042 0.851
672 672 (0) 2 : 0.241 0.029 0.114 0.616
673 673 (4) 2 : 0.259 0.038 0.290 0.413
674 674 (0) 2 : 0.309 0.127 0.231 0.333
675 675 (0) 2 : 0.436 0.054 0.200 0.310
676 676 (1) 2 : 0.300 0.067 0.308 0.324
677 677 (3) 2 : 0.305 0.304 0.282 0.109
678 678 (6) 2 : 0.181 0.047 0.212 0.560
679 679 (1) 2 : 0.251 0.248 0.458 0.043
680 680 (1) 2 : 0.155 0.069 0.184 0.592
681 681 (1) 2 : 0.222 0.342 0.137 0.299
682 682 (1) 2 : 0.161 0.421 0.227 0.191
683 683 (0) 2 : 0.549 0.088 0.304 0.059
684 684 (0) 2 : 0.375 0.047 0.442 0.136
685 685 (0) 2 : 0.265 0.063 0.599 0.072
686 686 (0) 2 : 0.402 0.034 0.481 0.083
687 687 (3) 2 : 0.315 0.051 0.475 0.159
688 688 (1) 2 : 0.271 0.316 0.142 0.270
689 689 (1) 2 : 0.126 0.570 0.130 0.174
690 690 (5) 2 : 0.136 0.125 0.071 0.668
691 691 (5) 2 : 0.220 0.275 0.259 0.245
692 692 (0) 2 : 0.317 0.292 0.307 0.084
693 693 (2) 2 : 0.415 0.042 0.188 0.356
694 694 (0) 2 : 0.109 0.033 0.129 0.728
695 695 (0) 2 : 0.253 0.361 0.280 0.107
696 696 (0) 2 : 0.318 0.032 0.620 0.030
697 697 (2) 2 : 0.267 0.096 0.118 0.518
698 698 (0) 2 : 0.317 0.021 0.207 0.455
699 699 (1) 2 : 0.172 0.120 0.075 0.633
700 700 (0) 2 : 0.279 0.122 0.546 0.054
701 701 (0) 2 : 0.334 0.084 0.179 0.402
702 702 (1) 2 : 0.184 0.366 0.210 0.240
703 703 (1) 2 : 0.219 0.242 0.497 0.043
704 704 (0) 2 : 0.114 0.567 0.202 0.117
705 705 (0) 2 : 0.438 0.043 0.286 0.233
706 706 (0) 2 : 0.224 0.397 0.179 0.199
707 707 (1) 2 : 0.067 0.046 0.073 0.814
708 708 (1) 2 : 0.237 0.212 0.239 0.312
709 709 (0) 2 : 0.177 0.428 0.224 0.170
710 710 (0) 2 : 0.404 0.090 0.272 0.234
711 711 (0) 2 : 0.329 0.279 0.337 0.055
712 712 (1) 2 : 0.358 0.082 0.385 0.175
713 713 (0) 2 : 0.287 0.125 0.478 0.110
714 714 (0) 2 : 0.436 0.091 0.407 0.066
715 715 (0) 2 : 0.275 0.142 0.513 0.071
716 716 (0) 2 : 0.191 0.529 0.164 0.116
717 717 (1) 2 : 0.168 0.097 0.127 0.608
718 718 (1) 2 : 0.227 0.057 0.137 0.579
719 719 (7) 2 : 0.166 0.023 0.102 0.709
720 720 (2) 2 : 0.424 0.089 0.407 0.081
721 721 (1) 2 : 0.199 0.067 0.263 0.471
722 722 (0) 2 : 0.324 0.067 0.351 0.258
723 723 (1) 2 : 0.170 0.053 0.148 0.629
724 724 (0) 2 : 0.180 0.499 0.264 0.058
725 725 (0) 2 : 0.291 0.069 0.396 0.243
726 726 (0) 2 : 0.314 0.057 0.357 0.272
727 727 (1) 2 : 0.077 0.077 0.052 0.795
728 728 (0) 2 : 0.260 0.277 0.132 0.331
729 729 (1) 2 : 0.275 0.079 0.312 0.334
730 730 (0) 2 : 0.283 0.160 0.406 0.151
731 731 (2) 2 : 0.108 0.702 0.091 0.099
732 732 (1) 2 : 0.092 0.294 0.060 0.554
733 733 (0) 2 : 0.306 0.047 0.537 0.110
734 734 (0) 2 : 0.526 0.054 0.336 0.083
735 735 (0) 2 : 0.252 0.043 0.316 0.389
736 736 (0) 2 : 0.323 0.164 0.443 0.070
737 737 (0) 2 : 0.285 0.115 0.491 0.109
738 738 (0) 2 : 0.175 0.294 0.367 0.164
739 739 (0) 2 : 0.252 0.130 0.271 0.347
740 740 (0) 2 : 0.382 0.021 0.223 0.374
741 741 (0) 2 : 0.328 0.269 0.327 0.076
742 742 (0) 2 : 0.490 0.107 0.180 0.224
743 743 (0) 2 : 0.198 0.061 0.694 0.047
744 744 (0) 2 : 0.417 0.032 0.416 0.135
745 745 (0) 2 : 0.598 0.049 0.229 0.124
746 746 (0) 2 : 0.258 0.515 0.156 0.071
747 747 (0) 2 : 0.035 0.896 0.046 0.023
748 748 (2) 2 : 0.314 0.131 0.513 0.042
749 749 (5) 2 : 0.149 0.298 0.103 0.450
750 750 (1) 2 : 0.315 0.107 0.432 0.147
751 751 (0) 2 : 0.310 0.360 0.287 0.043
752 752 (3) 2 : 0.310 0.029 0.473 0.188
753 753 (0) 2 : 0.394 0.026 0.553 0.027
754 754 (0) 2 : 0.481 0.062 0.322 0.135
755 755 (0) 2 : 0.063 0.033 0.038 0.866
756 756 (0) 2 : 0.415 0.199 0.324 0.061
757 757 (0) 2 : 0.287 0.078 0.178 0.457
758 758 (1) 2 : 0.252 0.173 0.426 0.149
759 759 (0) 2 : 0.249 0.117 0.414 0.219
760 760 (0) 2 : 0.222 0.401 0.228 0.149
761 761 (0) 2 : 0.328 0.022 0.603 0.047
762 762 (0) 2 : 0.227 0.036 0.673 0.063
763 763 (0) 2 : 0.299 0.247 0.344 0.109
764 764 (0) 4 : 0.366 0.069 0.383 0.182
765 765 (0) 2 : 0.302 0.099 0.496 0.104
766 766 (0) 4 : 0.436 0.029 0.413 0.123
767 767 (0) 4 : 0.369 0.023 0.563 0.045
768 768 (0) 4 : 0.309 0.079 0.564 0.048
769 769 (0) 2 : 0.349 0.054 0.331 0.266
770 770 (0) 4 : 0.445 0.061 0.380 0.114
771 771 (1) 3 : 0.188 0.056 0.194 0.562
772 772 (0) 2 : 0.338 0.052 0.517 0.094
773 773 (0) 3 : 0.116 0.185 0.167 0.532
774 774 (0) 3 : 0.074 0.052 0.075 0.800
775 775 (0) 3 : 0.047 0.024 0.035 0.894
776 776 (0) 3 : 0.046 0.091 0.043 0.819
777 777 (0) 3 : 0.048 0.026 0.039 0.887
778 778 (3) 4 : 0.296 0.147 0.516 0.041
779 779 (1) 2 : 0.359 0.109 0.323 0.210
780 780 (0) 4 : 0.578 0.068 0.213 0.141
781 781 (0) 4 : 0.532 0.046 0.359 0.064
782 782 (0) 4 : 0.430 0.097 0.319 0.154
783 783 (0) 4 : 0.248 0.144 0.563 0.045
784 784 (0) 2 : 0.129 0.526 0.155 0.190
785 785 (0) 4 : 0.503 0.068 0.382 0.047
786 786 (0) 3 : 0.208 0.361 0.151 0.280
787 787 (0) 3 : 0.038 0.039 0.039 0.884
788 788 (0) 3 : 0.139 0.026 0.063 0.772
789 789 (0) 3 : 0.146 0.092 0.212 0.549
790 790 (1) 3 : 0.107 0.064 0.069 0.761
791 791 (0) 3 : 0.246 0.051 0.236 0.467
792 792 (2) 4 : 0.426 0.042 0.329 0.203
793 793 (4) 4 : 0.291 0.068 0.537 0.104
794 794 (0) 4 : 0.339 0.024 0.354 0.284
795 795 (2) 4 : 0.241 0.176 0.513 0.070
796 796 (0) 4 : 0.291 0.081 0.459 0.168
797 797 (1) 2 : 0.252 0.349 0.249 0.150
798 798 (0) 4 : 0.399 0.183 0.180 0.238
799 799 (1) 3 : 0.195 0.120 0.086 0.599
800 800 (0) 2 : 0.160 0.111 0.152 0.577
801 801 (1) 3 : 0.337 0.043 0.135 0.485
802 802 (1) 3 : 0.033 0.138 0.032 0.796
803 803 (0) 3 : 0.073 0.028 0.063 0.835
804 804 (0) 3 : 0.044 0.026 0.042 0.887
805 805 (0) 4 : 0.302 0.082 0.488 0.129
806 806 (1) 4 : 0.645 0.027 0.255 0.073
807 807 (0) 4 : 0.532 0.078 0.245 0.146
808 808 (0) 4 : 0.332 0.081 0.515 0.072
809 809 (0) 2 : 0.141 0.094 0.240 0.524
810 810 (0) 4 : 0.575 0.067 0.225 0.133
811 811 (0) 2 : 0.454 0.094 0.285 0.168
812 812 (1) 3 : 0.370 0.053 0.180 0.397
813 813 (0) 3 : 0.088 0.015 0.094 0.803
814 814 (0) 3 : 0.117 0.176 0.078 0.629
815 815 (0) 3 : 0.062 0.069 0.065 0.804
816 816 (0) 3 : 0.071 0.063 0.073 0.792
817 817 (6) 4 : 0.290 0.087 0.495 0.128
818 818 (0) 2 : 0.262 0.413 0.222 0.103
819 819 (2) 4 : 0.388 0.059 0.337 0.217
820 820 (1) 4 : 0.231 0.050 0.576 0.143
821 821 (2) 4 : 0.370 0.150 0.412 0.068
822 822 (0) 4 : 0.497 0.071 0.369 0.062
823 823 (0) 2 : 0.363 0.119 0.459 0.060
824 824 (0) 4 : 0.457 0.068 0.400 0.075
825 825 (0) 2 : 0.080 0.771 0.112 0.036
826 826 (1) 3 : 0.063 0.022 0.048 0.867
827 827 (0) 2 : 0.064 0.811 0.044 0.081
828 828 (0) 3 : 0.209 0.056 0.171 0.563
829 829 (0) 3 : 0.124 0.074 0.060 0.742
830 830 (0) 3 : 0.071 0.102 0.059 0.767
831 831 (0) 3 : 0.050 0.023 0.046 0.881
832 832 (0) 4 : 0.294 0.099 0.252 0.355
833 833 (0) 2 : 0.510 0.031 0.261 0.198
834 834 (2) 4 : 0.469 0.037 0.427 0.066
835 835 (0) 4 : 0.290 0.096 0.408 0.206
836 836 (4) 4 : 0.696 0.040 0.201 0.063
837 837 (0) 4 : 0.349 0.121 0.315 0.214
838 838 (0) 2 : 0.346 0.201 0.299 0.154
839 839 (0) 2 : 0.300 0.158 0.310 0.232
840 840 (1) 3 : 0.098 0.111 0.109 0.683
841 841 (0) 3 : 0.038 0.072 0.043 0.847
842 842 (0) 3 : 0.033 0.013 0.047 0.907
843 843 (1) 3 : 0.047 0.027 0.047 0.879
844 844 (0) 3 : 0.038 0.027 0.052 0.883
845 845 (1) 2 : 0.625 0.037 0.263 0.075
846 846 (2) 4 : 0.278 0.052 0.612 0.059
847 847 (0) 4 : 0.334 0.132 0.402 0.132
848 848 (1) 4 : 0.268 0.114 0.237 0.380
849 849 (0) 4 : 0.245 0.083 0.597 0.075
850 850 (0) 3 : 0.152 0.166 0.119 0.563
851 851 (0) 3 : 0.083 0.036 0.063 0.819
852 852 (0) 3 : 0.051 0.028 0.064 0.857
853 853 (1) 3 : 0.078 0.049 0.081 0.792
854 854 (1) 3 : 0.054 0.016 0.047 0.883
855 855 (0) 2 : 0.148 0.492 0.093 0.267
856 856 (0) 4 : 0.468 0.033 0.419 0.080
857 857 (0) 4 : 0.497 0.052 0.212 0.239
858 858 (0) 4 : 0.466 0.074 0.308 0.152
859 859 (0) 2 : 0.210 0.195 0.243 0.352
860 860 (0) 2 : 0.277 0.051 0.505 0.167
861 861 (0) 3 : 0.162 0.049 0.168 0.621
862 862 (0) 3 : 0.042 0.044 0.043 0.871
863 863 (0) 3 : 0.034 0.016 0.052 0.898
864 864 (0) 3 : 0.192 0.023 0.181 0.604
865 865 (0) 3 : 0.108 0.035 0.075 0.783
866 866 (0) 2 : 0.116 0.630 0.153 0.101
867 867 (0) 2 : 0.254 0.405 0.248 0.092
868 868 (0) 2 : 0.128 0.080 0.085 0.707
869 869 (0) 2 : 0.034 0.874 0.034 0.058
870 870 (0) 2 : 0.159 0.047 0.114 0.680
871 871 (0) 2 : 0.309 0.141 0.479 0.071
872 872 (0) 2 : 0.239 0.082 0.121 0.558
873 873 (0) 2 : 0.239 0.146 0.561 0.054
874 874 (0) 2 : 0.039 0.879 0.031 0.052
875 875 (0) 2 : 0.074 0.655 0.061 0.210
876 876 (1) 2 : 0.080 0.792 0.095 0.033
877 877 (0) 2 : 0.313 0.071 0.525 0.091
878 878 (0) 2 : 0.460 0.076 0.245 0.219
879 879 (0) 2 : 0.305 0.047 0.484 0.164
880 880 (0) 2 : 0.301 0.122 0.500 0.077
881 881 (0) 2 : 0.186 0.472 0.139 0.203
882 882 (1) 2 : 0.262 0.438 0.124 0.176
883 883 (0) 2 : 0.341 0.160 0.273 0.226
884 884 (3) 2 : 0.098 0.493 0.069 0.339
885 885 (0) 2 : 0.428 0.044 0.304 0.224
886 886 (0) 2 : 0.037 0.894 0.032 0.037
887 887 (0) 2 : 0.555 0.041 0.342 0.062
888 888 (0) 2 : 0.641 0.052 0.281 0.027
889 889 (0) 2 : 0.294 0.237 0.347 0.122
890 890 (0) 2 : 0.322 0.103 0.372 0.203
891 891 (0) 2 : 0.163 0.109 0.155 0.573
892 892 (0) 2 : 0.334 0.154 0.291 0.221
893 893 (0) 2 : 0.247 0.208 0.466 0.079
894 894 (0) 2 : 0.215 0.022 0.654 0.109
895 895 (0) 2 : 0.187 0.038 0.114 0.660
896 896 (0) 2 : 0.301 0.052 0.299 0.348
897 897 (6) 2 : 0.049 0.865 0.057 0.029
898 898 (1) 2 : 0.323 0.044 0.449 0.185
899 899 (0) 2 : 0.425 0.118 0.211 0.245
900 900 (0) 2 : 0.122 0.030 0.095 0.754
901 901 (0) 2 : 0.256 0.177 0.494 0.072
902 902 (1) 2 : 0.295 0.406 0.174 0.125
903 903 (0) 2 : 0.161 0.489 0.085 0.265
904 904 (1) 2 : 0.478 0.046 0.416 0.060
905 905 (0) 2 : 0.302 0.117 0.536 0.044
906 906 (0) 2 : 0.547 0.038 0.286 0.128
907 907 (0) 2 : 0.163 0.050 0.216 0.570
908 908 (0) 2 : 0.293 0.377 0.281 0.049
909 909 (1) 2 : 0.031 0.909 0.034 0.025
910 910 (2) 2 : 0.531 0.029 0.321 0.119
911 911 (1) 2 : 0.066 0.040 0.065 0.829
912 912 (0) 2 : 0.081 0.044 0.046 0.830
913 913 (0) 2 : 0.052 0.850 0.044 0.054
914 914 (0) 2 : 0.487 0.096 0.186 0.231
915 915 (0) 2 : 0.196 0.141 0.511 0.152
916 916 (0) 2 : 0.100 0.098 0.118 0.683
917 917 (0) 2 : 0.105 0.561 0.128 0.206
918 918 (0) 2 : 0.176 0.471 0.313 0.041
919 919 (0) 2 : 0.062 0.848 0.047 0.042
920 920 (0) 2 : 0.199 0.081 0.165 0.554
921 921 (1) 2 : 0.067 0.035 0.067 0.830
922 922 (0) 2 : 0.243 0.038 0.623 0.096
923 923 (0) 2 : 0.431 0.089 0.432 0.048
924 924 (0) 2 : 0.339 0.052 0.544 0.065
925 925 (0) 2 : 0.336 0.353 0.198 0.113
926 926 (0) 2 : 0.054 0.838 0.068 0.040
927 927 (1) 2 : 0.257 0.324 0.381 0.037
928 928 (0) 2 : 0.050 0.828 0.053 0.069
929 929 (0) 2 : 0.046 0.876 0.038 0.041
930 930 (0) 2 : 0.392 0.117 0.297 0.194
931 931 (0) 2 : 0.063 0.789 0.061 0.088
932 932 (0) 2 : 0.044 0.862 0.028 0.066
933 933 (0) 2 : 0.290 0.068 0.409 0.233
934 934 (0) 2 : 0.083 0.132 0.057 0.727
935 935 (0) 2 : 0.534 0.106 0.296 0.064
936 936 (1) 2 : 0.053 0.810 0.039 0.098
937 937 (1) 2 : 0.048 0.188 0.037 0.726
938 938 (0) 2 : 0.400 0.185 0.310 0.105
939 939 (0) 2 : 0.049 0.856 0.061 0.034
940 940 (1) 2 : 0.305 0.235 0.365 0.095
941 941 (0) 2 : 0.195 0.560 0.181 0.065
942 942 (0) 2 : 0.073 0.784 0.071 0.071
943 943 (0) 2 : 0.354 0.016 0.533 0.097
944 944 (0) 2 : 0.060 0.831 0.062 0.047
945 945 (0) 2 : 0.260 0.185 0.115 0.440
946 946 (0) 2 : 0.384 0.041 0.366 0.209
947 947 (0) 2 : 0.142 0.473 0.244 0.141
948 948 (0) 2 : 0.286 0.038 0.606 0.070
949 949 (0) 2 : 0.041 0.810 0.042 0.107
950 950 (0) 2 : 0.318 0.054 0.373 0.256
951 951 (0) 2 : 0.343 0.031 0.484 0.142
952 952 (0) 2 : 0.247 0.059 0.573 0.121
953 953 (0) 2 : 0.203 0.259 0.215 0.322
954 954 (0) 2 : 0.136 0.599 0.093 0.173
955 955 (0) 2 : 0.271 0.350 0.252 0.126
956 956 (0) 2 : 0.068 0.063 0.044 0.825
957 957 (1) 2 : 0.462 0.037 0.291 0.210
958 958 (0) 2 : 0.543 0.109 0.267 0.081
959 959 (4) 2 : 0.277 0.502 0.055 0.167
960 960 (0) 2 : 0.046 0.868 0.046 0.040
961 961 (1) 2 : 0.032 0.907 0.027 0.033
962 962 (0) 2 : 0.248 0.445 0.166 0.141
963 963 (0) 2 : 0.344 0.125 0.270 0.261
964 964 (0) 2 : 0.389 0.112 0.221 0.277
965 965 (0) 2 : 0.289 0.063 0.546 0.103
966 966 (0) 2 : 0.047 0.898 0.034 0.021
967 967 (0) 2 : 0.162 0.048 0.177 0.612
968 968 (0) 2 : 0.300 0.057 0.521 0.122
969 969 (0) 2 : 0.510 0.094 0.229 0.167
970 970 (0) 2 : 0.136 0.409 0.154 0.300
971 971 (0) 2 : 0.150 0.556 0.077 0.217
972 972 (0) 2 : 0.133 0.494 0.156 0.217
973 973 (0) 2 : 0.457 0.072 0.367 0.105
974 974 (5) 2 : 0.460 0.143 0.255 0.143
975 975 (0) 2 : 0.454 0.035 0.453 0.058
976 976 (0) 2 : 0.219 0.066 0.115 0.600
977 977 (0) 2 : 0.066 0.747 0.114 0.073
978 978 (0) 2 : 0.025 0.932 0.024 0.018
979 979 (0) 2 : 0.048 0.862 0.039 0.051
980 980 (0) 2 : 0.265 0.215 0.146 0.375
981 981 (0) 2 : 0.046 0.848 0.045 0.060
982 982 (3) 2 : 0.102 0.749 0.069 0.080
983 983 (0) 2 : 0.046 0.053 0.046 0.854
984 984 (0) 2 : 0.297 0.259 0.417 0.027
985 985 (0) 2 : 0.266 0.047 0.131 0.557
986 986 (0) 2 : 0.483 0.054 0.296 0.166
987 987 (1) 2 : 0.108 0.056 0.190 0.646
988 988 (0) 2 : 0.058 0.809 0.053 0.080
989 989 (0) 2 : 0.059 0.109 0.045 0.787
990 990 (0) 2 : 0.244 0.086 0.165 0.504
991 991 (0) 2 : 0.052 0.862 0.052 0.034
992 992 (0) 2 : 0.455 0.069 0.397 0.078
993 993 (0) 2 : 0.153 0.160 0.149 0.538
994 994 (1) 2 : 0.085 0.124 0.153 0.638
995 995 (1) 2 : 0.249 0.453 0.217 0.081
996 996 (0) 2 : 0.251 0.298 0.312 0.140
997 997 (1) 2 : 0.022 0.931 0.026 0.021
998 998 (0) 2 : 0.181 0.325 0.202 0.292
999 999 (1) 2 : 0.107 0.749 0.060 0.084
1000 1000 (0) 2 : 0.356 0.093 0.349 0.202
1 1 (0) 1 : 0.024 0.377 0.306 0.293
2 2 (0) 1 : 0.128 0.452 0.257 0.163
3 3 (0) 1 : 0.121 0.391 0.230 0.258
4 4 (0) 1 : 0.032 0.193 0.229 0.546
5 5 (1) 1 : 0.942 0.017 0.019 0.022
6 6 (0) 1 : 0.209 0.085 0.253 0.452
7 7 (0) 1 : 0.232 0.192 0.328 0.249
8 8 (0) 1 : 0.025 0.284 0.443 0.247
9 9 (0) 1 : 0.304 0.297 0.175 0.224
10 10 (0) 1 : 0.513 0.188 0.211 0.087
11 11 (0) 1 : 0.089 0.191 0.224 0.497
12 12 (0) 1 : 0.146 0.082 0.419 0.353
13 13 (0) 1 : 0.046 0.218 0.415 0.321
14 14 (0) 1 : 0.502 0.046 0.224 0.228
15 15 (0) 1 : 0.490 0.056 0.222 0.232
16 16 (0) 1 : 0.122 0.206 0.307 0.365
17 17 (0) 1 : 0.111 0.037 0.427 0.425
18 18 (2) 1 : 0.037 0.420 0.385 0.158
19 19 (1) 1 : 0.080 0.227 0.351 0.343
20 20 (0) 1 : 0.282 0.055 0.344 0.319
21 21 (1) 1 : 0.300 0.166 0.308 0.227
22 22 (0) 1 : 0.110 0.466 0.247 0.177
23 23 (0) 1 : 0.358 0.216 0.199 0.227
24 24 (0) 1 : 0.024 0.812 0.071 0.093
25 25 (0) 1 : 0.293 0.133 0.278 0.296
26 26 (0) 1 : 0.150 0.453 0.201 0.196
27 27 (1) 1 : 0.074 0.098 0.299 0.528
28 28 (0) 1 : 0.039 0.865 0.050 0.046
29 29 (0) 1 : 0.103 0.180 0.395 0.322
30 30 (0) 1 : 0.747 0.073 0.112 0.067
31 31 (0) 1 : 0.065 0.212 0.385 0.338
32 32 (0) 1 : 0.175 0.322 0.292 0.210
33 33 (1) 1 : 0.144 0.410 0.207 0.239
34 34 (0) 1 : 0.554 0.100 0.206 0.140
35 35 (0) 1 : 0.095 0.472 0.270 0.163
36 36 (0) 1 : 0.248 0.158 0.211 0.384
37 37 (0) 1 : 0.129 0.679 0.085 0.106
38 38 (0) 1 : 0.455 0.393 0.090 0.062
39 39 (0) 1 : 0.112 0.087 0.585 0.216
40 40 (0) 1 : 0.366 0.075 0.292 0.266
41 41 (1) 1 : 0.072 0.127 0.413 0.388
42 42 (0) 1 : 0.839 0.030 0.057 0.074
43 43 (0) 1 : 0.065 0.228 0.471 0.236
44 44 (6) 1 : 0.051 0.188 0.371 0.390
45 45 (1) 1 : 0.402 0.315 0.145 0.138
46 46 (0) 1 : 0.100 0.583 0.165 0.153
47 47 (0) 1 : 0.087 0.729 0.100 0.084
48 48 (0) 1 : 0.058 0.181 0.500 0.261
49 49 (0) 1 : 0.050 0.402 0.215 0.332
50 50 (0) 1 : 0.034 0.050 0.617 0.300
51 51 (2) 1 : 0.752 0.070 0.078 0.100
52 52 (0) 1 : 0.867 0.042 0.039 0.051
53 53 (1) 1 : 0.051 0.753 0.112 0.084
54 54 (0) 1 : 0.101 0.581 0.174 0.145
55 55 (3) 1 : 0.136 0.095 0.516 0.253
56 56 (0) 1 : 0.107 0.680 0.098 0.115
57 57 (0) 1 : 0.029 0.720 0.119 0.131
58 58 (0) 1 : 0.715 0.068 0.098 0.119
59 59 (0) 1 : 0.027 0.568 0.256 0.149
60 60 (1) 1 : 0.140 0.132 0.232 0.496
61 61 (0) 1 : 0.074 0.550 0.243 0.133
62 62 (0) 1 : 0.059 0.140 0.428 0.373
63 63 (0) 1 : 0.271 0.503 0.097 0.129
64 64 (2) 1 : 0.106 0.188 0.273 0.433
65 65 (0) 1 : 0.066 0.201 0.399 0.334
66 66 (3) 1 : 0.380 0.079 0.295 0.246
67 67 (0) 1 : 0.049 0.648 0.132 0.171
68 68 (1) 1 : 0.089 0.484 0.282 0.145
69 69 (2) 1 : 0.233 0.617 0.071 0.079
70 70 (0) 1 : 0.054 0.349 0.329 0.269
71 71 (0) 1 : 0.057 0.212 0.371 0.360
72 72 (4) 1 : 0.040 0.150 0.339 0.472
73 73 (0) 1 : 0.237 0.364 0.274 0.125
74 74 (0) 1 : 0.042 0.055 0.321 0.582
75 75 (0) 1 : 0.169 0.310 0.263 0.258
76 76 (0) 1 : 0.081 0.762 0.081 0.076
77 77 (1) 1 : 0.916 0.026 0.026 0.032
78 78 (0) 1 : 0.057 0.127 0.569 0.247
79 79 (2) 1 : 0.084 0.258 0.435 0.223
80 80 (1) 1 : 0.719 0.097 0.076 0.108
81 81 (2) 1 : 0.484 0.117 0.196 0.203
82 82 (1) 1 : 0.030 0.750 0.095 0.124
83 83 (0) 1 : 0.077 0.501 0.246 0.177
84 84 (0) 1 : 0.215 0.109 0.402 0.274
85 85 (5) 1 : 0.053 0.300 0.302 0.345
86 86 (0) 1 : 0.169 0.041 0.373 0.417
87 87 (1) 1 : 0.066 0.565 0.165 0.203
88 88 (0) 2 : 0.834 0.031 0.080 0.056
89 89 (0) 2 : 0.122 0.164 0.416 0.298
90 90 (0) 2 : 0.906 0.025 0.037 0.033
91 91 (1) 2 : 0.021 0.412 0.275 0.292
92 92 (0) 2 : 0.084 0.701 0.108 0.107
93 93 (0) 2 : 0.023 0.837 0.064 0.075
94 94 (0) 2 : 0.198 0.064 0.394 0.345
95 95 (0) 2 : 0.178 0.068 0.519 0.235
96 96 (0) 2 : 0.105 0.086 0.284 0.525
97 97 (0) 2 : 0.187 0.716 0.055 0.043
98 98 (0) 2 : 0.046 0.195 0.314 0.446
99 99 (0) 2 : 0.113 0.588 0.152 0.148
100 100 (1) 2 : 0.071 0.156 0.317 0.456
101 101 (0) 2 : 0.530 0.245 0.107 0.118
102 102 (0) 2 : 0.127 0.103 0.311 0.458
103 103 (0) 2 : 0.204 0.283 0.274 0.239
104 104 (0) 2 : 0.051 0.581 0.236 0.131
105 105 (0) 2 : 0.190 0.561 0.090 0.159
106 106 (0) 2 : 0.920 0.036 0.019 0.025
107 107 (1) 2 : 0.145 0.166 0.226 0.462
108 108 (0) 2 : 0.094 0.330 0.232 0.344
109 109 (0) 2 : 0.205 0.048 0.246 0.501
110 110 (0) 2 : 0.317 0.503 0.096 0.084
111 111 (1) 2 : 0.121 0.642 0.131 0.106
112 112 (2) 2 : 0.157 0.078 0.358 0.407
113 113 (0) 2 : 0.677 0.077 0.138 0.107
114 114 (3) 2 : 0.062 0.167 0.533 0.238
115 115 (1) 2 : 0.089 0.537 0.180 0.193
116 116 (0) 2 : 0.146 0.156 0.372 0.326
117 117 (0) 2 : 0.210 0.104 0.316 0.370
118 118 (0) 2 : 0.043 0.251 0.472 0.234
119 119 (2) 2 : 0.066 0.097 0.385 0.451
120 120 (0) 2 : 0.025 0.832 0.076 0.068
121 121 (0) 2 : 0.063 0.072 0.532 0.333
122 122 (0) 2 : 0.092 0.237 0.351 0.321
123 123 (0) 2 : 0.033 0.239 0.310 0.417
124 124 (0) 2 : 0.166 0.088 0.374 0.372
125 125 (0) 2 : 0.148 0.494 0.274 0.084
126 126 (1) 2 : 0.711 0.066 0.096 0.127
127 127 (0) 2 : 0.060 0.079 0.373 0.488
128 128 (1) 2 : 0.065 0.703 0.089 0.143
129 129 (0) 2 : 0.373 0.281 0.218 0.129
130 130 (2) 2 : 0.093 0.046 0.457 0.404
131 131 (0) 2 : 0.128 0.357 0.260 0.255
132 132 (1) 2 : 0.066 0.601 0.136 0.197
133 133 (0) 2 : 0.039 0.185 0.410 0.366
134 134 (0) 2 : 0.120 0.181 0.489 0.210
135 135 (1) 2 : 0.033 0.879 0.041 0.047
136 136 (3) 2 : 0.063 0.202 0.380 0.355
137 137 (0) 2 : 0.247 0.073 0.290 0.390
138 138 (0) 2 : 0.735 0.044 0.095 0.126
139 139 (2) 2 : 0.037 0.126 0.585 0.251
140 140 (2) 2 : 0.124 0.121 0.461 0.294
141 141 (0) 2 : 0.344 0.201 0.271 0.184
142 142 (0) 2 : 0.348 0.255 0.188 0.209
143 143 (0) 2 : 0.068 0.763 0.088 0.081
144 144 (0) 2 : 0.028 0.108 0.619 0.245
145 145 (0) 2 : 0.052 0.059 0.257 0.632
146 146 (1) 2 : 0.103 0.663 0.150 0.083
147 147 (0) 2 : 0.090 0.189 0.234 0.487
148 148 (0) 2 : 0.031 0.185 0.325 0.459
149 149 (1) 2 : 0.096 0.561 0.183 0.160
150 150 (1) 2 : 0.078 0.612 0.161 0.149
151 151 (0) 2 : 0.147 0.225 0.463 0.165
152 152 (0) 2 : 0.067 0.171 0.186 0.576
153 153 (0) 2 : 0.050 0.862 0.046 0.042
154 154 (1) 2 : 0.081 0.067 0.463 0.389
155 155 (0) 2 : 0.121 0.337 0.342 0.200
156 156 (1) 2 : 0.159 0.266 0.319 0.256
157 157 (0) 2 : 0.107 0.337 0.245 0.311
158 158 (0) 2 : 0.028 0.315 0.258 0.399
159 159 (0) 2 : 0.058 0.058 0.364 0.520
160 160 (0) 2 : 0.081 0.353 0.324 0.242
161 161 (0) 2 : 0.035 0.406 0.303 0.256
162 162 (0) 2 : 0.077 0.191 0.268 0.463
163 163 (0) 2 : 0.054 0.618 0.170 0.158
164 164 (0) 2 : 0.044 0.121 0.345 0.490
165 165 (0) 2 : 0.032 0.222 0.276 0.470
166 166 (0) 2 : 0.066 0.098 0.556 0.280
167 167 (1) 2 : 0.122 0.494 0.213 0.171
168 168 (0) 2 : 0.097 0.164 0.373 0.367
169 169 (0) 2 : 0.912 0.019 0.034 0.034
170 170 (0) 2 : 0.076 0.718 0.085 0.121
171 171 (0) 2 : 0.040 0.109 0.383 0.468
172 172 (0) 2 : 0.354 0.420 0.126 0.100
173 173 (0) 2 : 0.868 0.044 0.036 0.052
174 174 (0) 2 : 0.047 0.200 0.379 0.374
175 175 (0) 2 : 0.046 0.134 0.334 0.486
176 176 (0) 2 : 0.114 0.612 0.153 0.121
177 177 (0) 2 : 0.020 0.835 0.068 0.078
178 178 (0) 2 : 0.070 0.035 0.267 0.628
179 179 (0) 2 : 0.031 0.538 0.209 0.222
180 180 (0) 2 : 0.857 0.055 0.044 0.044
181 181 (0) 2 : 0.066 0.110 0.444 0.380
182 182 (0) 2 : 0.187 0.143 0.427 0.243
183 183 (0) 2 : 0.044 0.113 0.474 0.370
184 184 (0) 2 : 0.641 0.147 0.111 0.102
185 185 (1) 2 : 0.019 0.234 0.495 0.252
186 186 (0) 2 : 0.122 0.646 0.115 0.117
187 187 (0) 2 : 0.035 0.078 0.359 0.529
188 188 (0) 2 : 0.053 0.204 0.314 0.429
189 189 (0) 2 : 0.224 0.420 0.215 0.141
190 190 (0) 2 : 0.043 0.769 0.106 0.082
191 191 (0) 2 : 0.050 0.571 0.151 0.228
192 192 (0) 2 : 0.055 0.042 0.325 0.578
193 193 (1) 2 : 0.158 0.156 0.267 0.420
194 194 (0) 2 : 0.029 0.087 0.359 0.525
195 195 (0) 2 : 0.803 0.030 0.075 0.091
196 196 (0) 2 : 0.047 0.053 0.516 0.384
197 197 (0) 2 : 0.078 0.407 0.360 0.154
198 198 (0) 2 : 0.750 0.079 0.081 0.090
199 199 (0) 2 : 0.037 0.149 0.565 0.249
200 200 (0) 2 : 0.107 0.697 0.094 0.101
201 201 (0) 2 : 0.040 0.109 0.372 0.479
202 202 (0) 2 : 0.019 0.852 0.060 0.069
203 203 (0) 2 : 0.066 0.228 0.342 0.364
204 204 (0) 2 : 0.068 0.238 0.341 0.353
205 205 (0) 2 : 0.164 0.138 0.258 0.440
206 206 (0) 2 : 0.841 0.057 0.046 0.055
207 207 (0) 2 : 0.319 0.136 0.202 0.343
208 208 (0) 2 : 0.048 0.071 0.324 0.556
209 209 (0) 2 : 0.529 0.264 0.124 0.084
210 210 (0) 2 : 0.880 0.022 0.051 0.046
211 211 (0) 2 : 0.208 0.219 0.294 0.280
212 212 (1) 2 : 0.203 0.510 0.137 0.150
213 213 (1) 2 : 0.057 0.151 0.474 0.318
214 214 (0) 2 : 0.049 0.070 0.218 0.662
215 215 (0) 2 : 0.043 0.104 0.558 0.296
216 216 (0) 2 : 0.785 0.046 0.080 0.090
217 217 (0) 2 : 0.430 0.109 0.222 0.239
218 218 (0) 2 : 0.046 0.534 0.150 0.270
219 219 (0) 2 : 0.129 0.056 0.509 0.307
220 220 (0) 2 : 0.020 0.242 0.228 0.510
221 221 (0) 2 : 0.291 0.113 0.214 0.382
222 222 (0) 2 : 0.052 0.429 0.339 0.181
223 223 (0) 2 : 0.070 0.149 0.334 0.446
224 224 (0) 2 : 0.038 0.083 0.337 0.542
225 225 (0) 2 : 0.914 0.025 0.030 0.031
226 226 (0) 2 : 0.264 0.055 0.415 0.266
227 227 (1) 2 : 0.890 0.043 0.035 0.033
228 228 (0) 2 : 0.053 0.050 0.452 0.445
229 229 (1) 2 : 0.049 0.292 0.233 0.426
230 230 (0) 2 : 0.237 0.229 0.162 0.373
231 231 (0) 2 : 0.137 0.080 0.381 0.402
232 232 (1) 2 : 0.075 0.265 0.356 0.304
233 233 (0) 2 : 0.201 0.159 0.249 0.391
234 234 (0) 2 : 0.904 0.039 0.022 0.035
235 235 (0) 2 : 0.656 0.155 0.092 0.096
236 236 (1) 2 : 0.043 0.252 0.240 0.466
237 237 (0) 2 : 0.082 0.193 0.334 0.391
238 238 (0) 2 : 0.104 0.063 0.238 0.594
239 239 (0) 2 : 0.117 0.118 0.505 0.261
240 240 (0) 2 : 0.076 0.179 0.341 0.404
241 241 (0) 2 : 0.130 0.518 0.256 0.095
242 242 (0) 2 : 0.032 0.187 0.518 0.263
243 243 (0) 2 : 0.069 0.441 0.292 0.199
244 244 (0) 2 : 0.093 0.473 0.164 0.270
245 245 (0) 2 : 0.920 0.025 0.027 0.029
246 246 (0) 2 : 0.228 0.527 0.114 0.131
247 247 (0) 2 : 0.600 0.165 0.117 0.119
248 248 (0) 2 : 0.590 0.117 0.179 0.114
249 249 (0) 2 : 0.087 0.072 0.259 0.582
250 250 (0) 2 : 0.123 0.165 0.334 0.378
251 251 (0) 2 : 0.068 0.124 0.414 0.394
252 252 (0) 2 : 0.048 0.811 0.065 0.077
253 253 (0) 2 : 0.131 0.127 0.482 0.261
254 254 (0) 2 : 0.092 0.516 0.190 0.202
255 255 (0) 2 : 0.049 0.632 0.139 0.180
256 256 (0) 2 : 0.347 0.377 0.127 0.149
257 257 (0) 2 : 0.105 0.103 0.293 0.499
258 258 (0) 1 : 0.234 0.217 0.336 0.213
259 259 (1) 1 : 0.454 0.122 0.221 0.202
260 260 (0) 1 : 0.037 0.090 0.451 0.422
261 261 (0) 1 : 0.076 0.085 0.429 0.410
262 262 (0) 1 : 0.143 0.199 0.403 0.256
263 263 (0) 1 : 0.079 0.562 0.154 0.205
264 264 (0) 1 : 0.084 0.144 0.441 0.331
265 265 (0) 1 : 0.065 0.295 0.261 0.379
266 266 (0) 1 : 0.033 0.076 0.375 0.516
267 267 (0) 1 : 0.188 0.154 0.345 0.313
268 268 (1) 1 : 0.223 0.463 0.147 0.167
269 269 (1) 1 : 0.205 0.096 0.424 0.275
270 270 (0) 1 : 0.050 0.524 0.134 0.292
271 271 (0) 1 : 0.339 0.110 0.280 0.270
272 272 (0) 1 : 0.210 0.058 0.454 0.279
273 273 (0) 1 : 0.062 0.255 0.417 0.265
274 274 (0) 1 : 0.778 0.068 0.085 0.069
275 275 (0) 1 : 0.141 0.371 0.268 0.220
276 276 (0) 1 : 0.104 0.147 0.500 0.250
277 277 (0) 1 : 0.109 0.062 0.524 0.306
278 278 (0) 1 : 0.354 0.080 0.183 0.383
279 279 (0) 1 : 0.248 0.080 0.367 0.305
280 280 (0) 1 : 0.153 0.369 0.191 0.286
281 281 (0) 1 : 0.075 0.149 0.389 0.387
282 282 (0) 1 : 0.231 0.219 0.321 0.229
283 283 (0) 1 : 0.062 0.103 0.489 0.346
284 284 (0) 1 : 0.038 0.228 0.405 0.330
285 285 (0) 1 : 0.073 0.371 0.337 0.219
286 286 (0) 1 : 0.041 0.301 0.385 0.273
287 287 (0) 1 : 0.953 0.015 0.017 0.015
288 288 (0) 1 : 0.760 0.057 0.073 0.109
289 289 (0) 1 : 0.188 0.110 0.347 0.355
290 290 (1) 1 : 0.932 0.023 0.023 0.021
291 291 (0) 1 : 0.443 0.190 0.185 0.183
292 292 (1) 1 : 0.226 0.104 0.429 0.241
293 293 (0) 1 : 0.038 0.714 0.115 0.133
294 294 (0) 1 : 0.405 0.083 0.195 0.318
295 295 (0) 1 : 0.045 0.213 0.422 0.319
296 296 (0) 1 : 0.061 0.182 0.480 0.277
297 297 (0) 1 : 0.779 0.042 0.095 0.084
298 298 (0) 1 : 0.043 0.085 0.315 0.558
299 299 (0) 1 : 0.299 0.326 0.147 0.228
300 300 (0) 1 : 0.050 0.160 0.284 0.506
301 301 (0) 1 : 0.896 0.025 0.037 0.042
302 302 (0) 1 : 0.529 0.085 0.189 0.197
303 303 (0) 1 : 0.149 0.089 0.510 0.251
304 304 (0) 1 : 0.190 0.128 0.295 0.386
305 305 (0) 1 : 0.054 0.113 0.296 0.537
306 306 (0) 1 : 0.682 0.029 0.160 0.128
307 307 (1) 1 : 0.037 0.338 0.222 0.403
308 308 (0) 1 : 0.129 0.088 0.344 0.440
309 309 (1) 1 : 0.878 0.041 0.042 0.039
310 310 (0) 1 : 0.410 0.127 0.283 0.180
311 311 (0) 1 : 0.481 0.065 0.322 0.132
312 312 (0) 1 : 0.055 0.561 0.166 0.218
313 313 (0) 1 : 0.031 0.153 0.308 0.508
314 314 (0) 1 : 0.066 0.652 0.144 0.138
315 315 (0) 1 : 0.097 0.154 0.387 0.363
316 316 (0) 1 : 0.056 0.121 0.305 0.518
317 317 (0) 1 : 0.065 0.538 0.242 0.155
318 318 (0) 1 : 0.037 0.550 0.240 0.174
319 319 (1) 1 : 0.026 0.159 0.449 0.366
320 320 (0) 1 : 0.017 0.097 0.238 0.648
321 321 (0) 1 : 0.049 0.101 0.340 0.510
322 322 (0) 1 : 0.534 0.108 0.235 0.123
323 323 (0) 1 : 0.046 0.046 0.469 0.439
324 324 (0) 1 : 0.045 0.146 0.472 0.337
325 325 (0) 1 : 0.427 0.081 0.280 0.212
326 326 (0) 1 : 0.075 0.075 0.287 0.563
327 327 (0) 1 : 0.053 0.186 0.357 0.403
328 328 (1) 1 : 0.045 0.248 0.327 0.380
329 329 (0) 1 : 0.117 0.477 0.180 0.225
330 330 (0) 1 : 0.111 0.258 0.291 0.340
331 331 (0) 1 : 0.342 0.189 0.151 0.318
332 332 (0) 1 : 0.275 0.271 0.291 0.163
333 333 (0) 1 : 0.331 0.322 0.155 0.192
334 334 (0) 1 : 0.035 0.653 0.202 0.111
335 335 (0) 1 : 0.061 0.287 0.350 0.302
336 336 (0) 1 : 0.191 0.174 0.340 0.294
337 337 (0) 1 : 0.489 0.105 0.197 0.209
338 338 (0) 1 : 0.200 0.366 0.248 0.186
339 339 (0) 1 : 0.145 0.140 0.379 0.336
340 340 (0) 1 : 0.075 0.749 0.094 0.083
341 341 (0) 1 : 0.106 0.668 0.132 0.094
342 342 (0) 1 : 0.235 0.330 0.216 0.219
343 343 (0) 1 : 0.086 0.442 0.275 0.196
344 344 (0) 1 : 0.210 0.355 0.283 0.152
345 345 (1) 1 : 0.197 0.067 0.353 0.383
346 346 (0) 1 : 0.273 0.214 0.202 0.312
347 347 (0) 1 : 0.297 0.145 0.313 0.245
348 348 (0) 1 : 0.226 0.545 0.100 0.130
349 349 (0) 1 : 0.087 0.444 0.290 0.179
350 350 (0) 1 : 0.106 0.101 0.293 0.500
351 351 (0) 1 : 0.168 0.326 0.298 0.207
352 352 (0) 1 : 0.071 0.140 0.389 0.400
353 353 (0) 1 : 0.052 0.198 0.317 0.433
354 354 (0) 1 : 0.310 0.416 0.143 0.131
355 355 (0) 1 : 0.090 0.463 0.205 0.242
356 356 (0) 1 : 0.065 0.211 0.416 0.308
357 357 (0) 1 : 0.132 0.081 0.257 0.531
358 358 (0) 1 : 0.061 0.127 0.356 0.456
359 359 (0) 1 : 0.253 0.030 0.329 0.388
360 360 (0) 1 : 0.259 0.199 0.240 0.302
361 361 (0) 1 : 0.058 0.073 0.284 0.584
362 362 (0) 1 : 0.067 0.072 0.423 0.438
363 363 (0) 1 : 0.172 0.385 0.224 0.220
364 364 (1) 1 : 0.054 0.489 0.222 0.235
365 365 (0) 1 : 0.029 0.104 0.464 0.402
366 366 (0) 1 : 0.045 0.371 0.318 0.266
367 367 (0) 1 : 0.149 0.134 0.405 0.312
368 368 (1) 1 : 0.114 0.061 0.511 0.313
369 369 (0) 1 : 0.374 0.283 0.169 0.175
370 370 (0) 1 : 0.731 0.100 0.100 0.069
371 371 (0) 1 : 0.821 0.050 0.060 0.070
372 372 (2) 1 : 0.901 0.030 0.034 0.034
373 373 (0) 1 : 0.474 0.057 0.205 0.264
374 374 (0) 1 : 0.039 0.298 0.372 0.291
375 375 (0) 1 : 0.112 0.108 0.277 0.504
376 376 (0) 1 : 0.562 0.116 0.160 0.162
377 377 (0) 1 : 0.036 0.441 0.259 0.264
378 378 (0) 1 : 0.037 0.294 0.326 0.343
379 379 (0) 1 : 0.492 0.170 0.152 0.186
380 380 (1) 1 : 0.033 0.099 0.366 0.502
381 381 (0) 1 : 0.144 0.067 0.450 0.338
382 382 (0) 1 : 0.858 0.028 0.047 0.068
383 383 (0) 1 : 0.204 0.047 0.283 0.466
384 384 (0) 1 : 0.389 0.227 0.212 0.172
385 385 (0) 1 : 0.297 0.049 0.320 0.335
386 386 (0) 1 : 0.173 0.141 0.320 0.366
387 387 (0) 1 : 0.379 0.062 0.205 0.354
388 388 (0) 1 : 0.331 0.339 0.200 0.130
389 389 (0) 1 : 0.047 0.070 0.235 0.648
390 390 (0) 1 : 0.034 0.164 0.423 0.380
391 391 (0) 1 : 0.459 0.231 0.135 0.175
392 392 (0) 1 : 0.347 0.228 0.239 0.186
393 393 (0) 1 : 0.098 0.283 0.201 0.418
394 394 (1) 1 : 0.111 0.084 0.411 0.395
395 395 (0) 1 : 0.095 0.318 0.366 0.221
396 396 (0) 1 : 0.065 0.112 0.301 0.522
397 397 (0) 1 : 0.339 0.076 0.320 0.264
398 398 (0) 1 : 0.709 0.139 0.074 0.079
399 399 (0) 1 : 0.260 0.157 0.352 0.231
400 400 (0) 1 : 0.168 0.158 0.446 0.229
401 401 (1) 1 : 0.859 0.057 0.046 0.038
402 402 (0) 1 : 0.042 0.613 0.145 0.200
403 403 (0) 1 : 0.203 0.357 0.205 0.236
404 404 (0) 1 : 0.040 0.408 0.267 0.285
405 405 (0) 1 : 0.348 0.058 0.166 0.428
406 406 (0) 1 : 0.109 0.335 0.278 0.278
407 407 (0) 1 : 0.077 0.052 0.409 0.462
408 408 (0) 1 : 0.119 0.322 0.286 0.272
409 409 (0) 1 : 0.079 0.048 0.366 0.507
410 410 (0) 1 : 0.884 0.025 0.042 0.049
411 411 (0) 1 : 0.609 0.081 0.158 0.152
412 412 (0) 1 : 0.149 0.383 0.180 0.287
413 413 (0) 1 : 0.067 0.045 0.419 0.469
414 414 (0) 1 : 0.413 0.276 0.216 0.096
415 415 (0) 1 : 0.040 0.261 0.307 0.392
416 416 (0) 1 : 0.106 0.277 0.292 0.326
417 417 (0) 1 : 0.049 0.159 0.284 0.509
418 418 (0) 1 : 0.206 0.116 0.418 0.260
419 419 (0) 1 : 0.434 0.060 0.195 0.311
420 420 (0) 1 : 0.044 0.307 0.396 0.254
421 421 (0) 1 : 0.148 0.323 0.196 0.332
422 422 (0) 1 : 0.887 0.039 0.046 0.028
423 423 (0) 1 : 0.050 0.045 0.314 0.591
424 424 (0) 1 : 0.039 0.084 0.477 0.401
425 425 (0) 1 : 0.844 0.090 0.035 0.031
426 426 (0) 1 : 0.128 0.108 0.396 0.368
427 427 (0) 1 : 0.228 0.122 0.360 0.291
428 428 (0) 1 : 0.921 0.026 0.027 0.025
429 429 (0) 1 : 0.041 0.102 0.268 0.589
430 430 (0) 1 : 0.134 0.047 0.540 0.279
431 431 (0) 1 : 0.533 0.157 0.125 0.185
432 432 (0) 1 : 0.861 0.043 0.051 0.044
433 433 (0) 1 : 0.886 0.043 0.036 0.036
434 434 (0) 1 : 0.258 0.048 0.278 0.416
435 435 (0) 1 : 0.028 0.210 0.465 0.297
436 436 (0) 1 : 0.062 0.040 0.341 0.558
437 437 (0) 1 : 0.642 0.063 0.117 0.177
438 438 (0) 1 : 0.407 0.103 0.269 0.220
439 439 (0) 1 : 0.090 0.082 0.543 0.285
440 440 (0) 1 : 0.771 0.069 0.083 0.077
441 441 (0) 1 : 0.035 0.152 0.468 0.346
442 442 (0) 1 : 0.090 0.097 0.525 0.288
443 443 (0) 1 : 0.028 0.539 0.262 0.170
444 444 (0) 1 : 0.128 0.052 0.255 0.565
445 445 (0) 1 : 0.140 0.070 0.399 0.391
446 446 (0) 2 : 0.081 0.543 0.171 0.204
447 447 (0) 2 : 0.076 0.111 0.425 0.388
448 448 (0) 2 : 0.092 0.053 0.395 0.460
449 449 (0) 2 : 0.683 0.093 0.102 0.122
450 450 (0) 2 : 0.708 0.105 0.098 0.090
451 451 (0) 2 : 0.864 0.039 0.051 0.046
452 452 (0) 2 : 0.299 0.275 0.275 0.151
453 453 (0) 2 : 0.040 0.647 0.128 0.186
454 454 (0) 2 : 0.859 0.040 0.053 0.048
455 455 (0) 2 : 0.053 0.074 0.492 0.381
456 456 (0) 2 : 0.872 0.025 0.057 0.046
457 457 (0) 2 : 0.077 0.066 0.565 0.293
458 458 (0) 2 : 0.197 0.482 0.170 0.152
459 459 (0) 2 : 0.031 0.370 0.385 0.214
460 460 (2) 2 : 0.473 0.120 0.267 0.140
461 461 (1) 2 : 0.358 0.302 0.150 0.190
462 462 (3) 2 : 0.452 0.159 0.236 0.152
463 463 (1) 2 : 0.696 0.096 0.086 0.121
464 464 (3) 2 : 0.039 0.056 0.329 0.576
465 465 (3) 2 : 0.077 0.082 0.413 0.427
466 466 (0) 2 : 0.236 0.127 0.385 0.251
467 467 (1) 2 : 0.068 0.126 0.376 0.430
468 468 (0) 2 : 0.066 0.055 0.282 0.597
469 469 (0) 2 : 0.772 0.048 0.097 0.084
470 470 (3) 2 : 0.564 0.108 0.099 0.228
471 471 (1) 2 : 0.347 0.193 0.257 0.204
472 472 (1) 2 : 0.122 0.109 0.550 0.218
473 473 (2) 2 : 0.046 0.117 0.481 0.356
474 474 (0) 2 : 0.054 0.581 0.158 0.207
475 475 (1) 2 : 0.688 0.213 0.053 0.046
476 476 (2) 2 : 0.030 0.418 0.376 0.176
477 477 (3) 2 : 0.132 0.118 0.512 0.239
478 478 (0) 2 : 0.072 0.497 0.256 0.174
479 479 (0) 2 : 0.035 0.093 0.401 0.471
480 480 (0) 2 : 0.187 0.102 0.413 0.298
481 481 (2) 2 : 0.296 0.281 0.259 0.164
482 482 (3) 2 : 0.031 0.110 0.328 0.531
483 483 (3) 2 : 0.065 0.054 0.462 0.419
484 484 (3) 2 : 0.081 0.275 0.288 0.356
485 485 (2) 2 : 0.670 0.060 0.118 0.152
486 486 (2) 2 : 0.475 0.078 0.206 0.241
487 487 (1) 2 : 0.156 0.484 0.193 0.168
488 488 (3) 2 : 0.095 0.186 0.315 0.405
489 489 (0) 2 : 0.049 0.240 0.451 0.260
490 490 (2) 2 : 0.123 0.181 0.422 0.273
491 491 (4) 2 : 0.161 0.584 0.136 0.119
492 492 (4) 2 : 0.031 0.790 0.092 0.086
493 493 (3) 2 : 0.157 0.078 0.282 0.482
494 494 (3) 2 : 0.869 0.034 0.044 0.054
495 495 (3) 2 : 0.195 0.519 0.168 0.118
496 496 (0) 2 : 0.110 0.366 0.294 0.230
497 497 (5) 2 : 0.137 0.275 0.363 0.225
498 498 (3) 2 : 0.274 0.218 0.337 0.172
499 499 (1) 2 : 0.076 0.246 0.428 0.250
500 500 (1) 2 : 0.038 0.174 0.468 0.320
501 501 (3) 2 : 0.506 0.120 0.224 0.150
502 502 (1) 2 : 0.265 0.053 0.269 0.413
503 503 (4) 2 : 0.079 0.046 0.461 0.413
504 504 (1) 2 : 0.366 0.050 0.283 0.301
505 505 (0) 2 : 0.308 0.343 0.162 0.187
506 506 (6) 2 : 0.092 0.417 0.269 0.222
507 507 (0) 2 : 0.199 0.116 0.422 0.263
508 508 (0) 2 : 0.112 0.102 0.330 0.457
509 509 (2) 2 : 0.875 0.044 0.035 0.045
510 510 (1) 2 : 0.046 0.194 0.303 0.456
511 511 (3) 2 : 0.176 0.684 0.070 0.070
512 512 (2) 2 : 0.754 0.031 0.076 0.138
513 513 (7) 2 : 0.241 0.509 0.114 0.136
514 514 (3) 2 : 0.596 0.209 0.086 0.109
515 515 (0) 2 : 0.100 0.172 0.329 0.399
516 516 (2) 2 : 0.261 0.170 0.269 0.300
517 517 (2) 2 : 0.296 0.337 0.227 0.140
518 518 (0) 2 : 0.062 0.125 0.308 0.505
519 519 (7) 2 : 0.079 0.732 0.092 0.098
520 520 (4) 2 : 0.253 0.473 0.159 0.115
521 521 (1) 2 : 0.235 0.368 0.222 0.175
522 522 (1) 2 : 0.173 0.081 0.415 0.331
523 523 (3) 2 : 0.064 0.140 0.234 0.563
524 524 (1) 2 : 0.055 0.065 0.371 0.509
525 525 (2) 2 : 0.215 0.401 0.180 0.205
526 526 (1) 2 : 0.116 0.401 0.237 0.247
527 527 (0) 2 : 0.058 0.395 0.252 0.296
528 528 (0) 2 : 0.059 0.108 0.278 0.555
529 529 (1) 2 : 0.044 0.133 0.474 0.349
530 530 (0) 2 : 0.038 0.043 0.388 0.531
531 531 (0) 2 : 0.056 0.048 0.301 0.595
532 532 (1) 2 : 0.030 0.090 0.574 0.306
533 533 (2) 2 : 0.029 0.311 0.304 0.355
534 534 (2) 2 : 0.088 0.120 0.436 0.356
535 535 (0) 2 : 0.070 0.436 0.343 0.151
536 536 (0) 2 : 0.040 0.761 0.093 0.105
537 537 (0) 2 : 0.045 0.509 0.236 0.210
538 538 (0) 2 : 0.057 0.058 0.400 0.486
539 539 (1) 2 : 0.084 0.112 0.312 0.492
540 540 (6) 2 : 0.077 0.207 0.404 0.311
541 541 (1) 2 : 0.077 0.185 0.311 0.426
542 542 (1) 2 : 0.216 0.176 0.281 0.327
543 543 (0) 2 : 0.278 0.110 0.214 0.397
544 544 (2) 2 : 0.069 0.283 0.301 0.348
545 545 (1) 2 : 0.605 0.035 0.166 0.194
546 546 (6) 2 : 0.022 0.069 0.472 0.437
547 547 (0) 2 : 0.154 0.043 0.498 0.305
548 548 (1) 2 : 0.225 0.267 0.272 0.236
549 549 (0) 2 : 0.052 0.073 0.516 0.360
550 550 (1) 2 : 0.786 0.072 0.074 0.067
551 551 (1) 2 : 0.088 0.612 0.169 0.131
552 552 (2) 2 : 0.135 0.093 0.538 0.234
553 553 (7) 2 : 0.094 0.168 0.316 0.422
554 554 (2) 2 : 0.053 0.192 0.310 0.445
555 555 (3) 2 : 0.049 0.298 0.396 0.257
556 556 (0) 2 : 0.098 0.760 0.075 0.068
557 557 (1) 2 : 0.571 0.118 0.158 0.152
558 558 (0) 2 : 0.164 0.693 0.078 0.065
559 559 (0) 2 : 0.037 0.071 0.614 0.279
560 560 (5) 2 : 0.155 0.329 0.207 0.309
561 561 (0) 2 : 0.041 0.054 0.343 0.562
562 562 (6) 2 : 0.066 0.411 0.191 0.332
563 563 (2) 2 : 0.096 0.307 0.281 0.316
564 564 (3) 2 : 0.296 0.446 0.135 0.124
565 565 (3) 2 : 0.133 0.203 0.322 0.342
566 566 (1) 2 : 0.093 0.087 0.443 0.377
567 567 (0) 2 : 0.037 0.093 0.409 0.461
568 568 (3) 2 : 0.158 0.379 0.229 0.235
569 569 (2) 2 : 0.073 0.164 0.429 0.335
570 570 (0) 2 : 0.098 0.058 0.530 0.314
571 571 (1) 2 : 0.033 0.036 0.525 0.405
572 572 (4) 2 : 0.074 0.522 0.212 0.193
573 573 (3) 2 : 0.477 0.181 0.217 0.124
574 574 (5) 2 : 0.257 0.181 0.265 0.297
575 575 (3) 2 : 0.041 0.537 0.203 0.218
576 576 (0) 2 : 0.083 0.258 0.245 0.414
577 577 (0) 2 : 0.859 0.032 0.051 0.058
578 578 (1) 2 : 0.049 0.062 0.527 0.363
579 579 (0) 2 : 0.776 0.102 0.068 0.055
580 580 (0) 2 : 0.022 0.348 0.253 0.377
581 581 (3) 2 : 0.091 0.126 0.406 0.376
582 582 (6) 2 : 0.044 0.311 0.276 0.368
583 583 (3) 2 : 0.049 0.485 0.219 0.247
584 584 (3) 2 : 0.093 0.284 0.299 0.324
585 585 (1) 2 : 0.092 0.111 0.613 0.184
586 586 (1) 2 : 0.028 0.136 0.315 0.521
587 587 (0) 2 : 0.911 0.021 0.033 0.035
588 588 (0) 2 : 0.244 0.487 0.190 0.079
589 589 (1) 2 : 0.108 0.262 0.288 0.342
590 590 (2) 2 : 0.016 0.040 0.270 0.674
591 591 (0) 2 : 0.081 0.187 0.356 0.376
592 592 (3) 2 : 0.088 0.099 0.331 0.482
593 593 (0) 2 : 0.157 0.401 0.304 0.138
594 594 (1) 2 : 0.062 0.132 0.503 0.302
595 595 (0) 2 : 0.115 0.526 0.179 0.180
596 596 (1) 2 : 0.126 0.179 0.331 0.364
597 597 (0) 2 : 0.103 0.288 0.304 0.305
598 598 (1) 2 : 0.095 0.087 0.463 0.355
599 599 (0) 2 : 0.084 0.099 0.286 0.530
600 600 (0) 2 : 0.062 0.532 0.216 0.189
601 601 (0) 2 : 0.046 0.291 0.238 0.425
602 602 (0) 2 : 0.112 0.077 0.346 0.464
603 603 (0) 2 : 0.047 0.502 0.252 0.198
604 604 (0) 2 : 0.065 0.258 0.330 0.347
605 605 (0) 2 : 0.032 0.737 0.150 0.081
606 606 (0) 2 : 0.091 0.393 0.254 0.262
607 607 (0) 2 : 0.069 0.090 0.586 0.255
608 608 (0) 2 : 0.042 0.049 0.288 0.620
609 609 (0) 2 : 0.071 0.701 0.086 0.141
610 610 (4) 2 : 0.803 0.099 0.058 0.041
611 611 (0) 2 : 0.317 0.294 0.247 0.142
612 612 (2) 2 : 0.070 0.193 0.411 0.326
613 613 (0) 2 : 0.119 0.313 0.303 0.264
614 614 (0) 2 : 0.174 0.045 0.398 0.383
615 615 (0) 2 : 0.026 0.279 0.455 0.239
616 616 (0) 2 : 0.166 0.300 0.235 0.299
617 617 (0) 2 : 0.060 0.285 0.298 0.357
618 618 (0) 2 : 0.145 0.053 0.398 0.403
619 619 (0) 2 : 0.043 0.459 0.199 0.299
620 620 (0) 2 : 0.188 0.513 0.190 0.109
621 621 (1) 2 : 0.115 0.304 0.247 0.333
622 622 (2) 2 : 0.077 0.559 0.211 0.153
623 623 (1) 2 : 0.099 0.082 0.408 0.412
624 624 (2) 2 : 0.071 0.131 0.385 0.412
625 625 (0) 2 : 0.174 0.068 0.271 0.488
626 626 (6) 2 : 0.057 0.190 0.422 0.331
627 627 (0) 2 : 0.213 0.315 0.256 0.216
628 628 (0) 2 : 0.934 0.020 0.022 0.023
629 629 (1) 2 : 0.181 0.557 0.100 0.162
630 630 (1) 2 : 0.041 0.642 0.160 0.156
631 631 (3) 2 : 0.047 0.098 0.523 0.331
632 632 (0) 2 : 0.036 0.836 0.057 0.071
633 633 (4) 2 : 0.056 0.178 0.365 0.401
634 634 (2) 2 : 0.392 0.430 0.095 0.083
635 635 (0) 2 : 0.025 0.391 0.280 0.305
636 636 (0) 2 : 0.523 0.199 0.183 0.094
637 637 (0) 2 : 0.130 0.330 0.274 0.266
638 638 (0) 2 : 0.063 0.203 0.379 0.356
639 639 (1) 2 : 0.141 0.195 0.399 0.264
640 640 (1) 2 : 0.401 0.102 0.265 0.232
641 641 (0) 2 : 0.334 0.356 0.231 0.078
642 642 (3) 2 : 0.143 0.147 0.357 0.353
643 643 (1) 2 : 0.065 0.317 0.434 0.184
644 644 (7) 2 : 0.028 0.098 0.446 0.428
645 645 (4) 2 : 0.124 0.135 0.437 0.305
646 646 (0) 2 : 0.042 0.290 0.288 0.380
647 647 (1) 2 : 0.044 0.060 0.252 0.645
648 648 (1) 2 : 0.107 0.556 0.164 0.174
649 649 (0) 2 : 0.056 0.162 0.369 0.413
650 650 (1) 2 : 0.024 0.171 0.228 0.577
651 651 (5) 2 : 0.851 0.064 0.055 0.029
652 652 (1) 2 : 0.165 0.265 0.247 0.323
653 653 (3) 2 : 0.094 0.421 0.295 0.190
654 654 (1) 2 : 0.132 0.088 0.293 0.486
655 655 (2) 2 : 0.301 0.125 0.411 0.163
656 656 (0) 2 : 0.034 0.139 0.419 0.408
657 657 (0) 2 : 0.058 0.338 0.330 0.273
658 658 (0) 2 : 0.070 0.188 0.357 0.386
659 659 (5) 2 : 0.019 0.268 0.494 0.219
660 660 (3) 2 : 0.162 0.158 0.461 0.218
661 661 (2) 2 : 0.030 0.454 0.206 0.311
662 662 (1) 2 : 0.110 0.530 0.236 0.124
663 663 (2) 2 : 0.305 0.248 0.247 0.200
664 664 (0) 2 : 0.063 0.491 0.209 0.238
665 665 (0) 2 : 0.114 0.522 0.197 0.167
666 666 (0) 2 : 0.787 0.047 0.086 0.079
667 667 (0) 2 : 0.356 0.267 0.191 0.186
668 668 (2) 2 : 0.275 0.103 0.317 0.305
669 669 (4) 2 : 0.157 0.079 0.375 0.388
670 670 (6) 2 : 0.056 0.036 0.557 0.351
671 671 (3) 2 : 0.035 0.841 0.078 0.046
672 672 (0) 2 : 0.038 0.630 0.181 0.152
673 673 (4) 2 : 0.036 0.369 0.190 0.406
674 674 (0) 2 : 0.137 0.324 0.239 0.300
675 675 (0) 2 : 0.048 0.329 0.415 0.207
676 676 (1) 2 : 0.073 0.330 0.285 0.312
677 677 (3) 2 : 0.277 0.095 0.385 0.243
678 678 (6) 2 : 0.044 0.548 0.172 0.236
679 679 (1) 2 : 0.225 0.047 0.349 0.379
680 680 (1) 2 : 0.066 0.582 0.177 0.176
681 681 (1) 2 : 0.332 0.269 0.259 0.139
682 682 (1) 2 : 0.396 0.176 0.137 0.290
683 683 (0) 2 : 0.102 0.050 0.562 0.286
684 684 (0) 2 : 0.048 0.121 0.431 0.400
685 685 (0) 2 : 0.053 0.065 0.462 0.420
686 686 (0) 2 : 0.033 0.104 0.400 0.463
687 687 (3) 2 : 0.051 0.148 0.326 0.476
688 688 (1) 2 : 0.313 0.293 0.249 0.145
689 689 (1) 2 : 0.542 0.154 0.137 0.166
690 690 (5) 2 : 0.142 0.659 0.116 0.083
691 691 (5) 2 : 0.272 0.257 0.250 0.221
692 692 (0) 2 : 0.301 0.089 0.360 0.250
693 693 (2) 2 : 0.045 0.346 0.355 0.254
694 694 (0) 2 : 0.030 0.711 0.104 0.155
695 695 (0) 2 : 0.363 0.107 0.293 0.236
696 696 (0) 2 : 0.030 0.035 0.377 0.558
697 697 (2) 2 : 0.101 0.547 0.223 0.128
698 698 (0) 2 : 0.024 0.486 0.241 0.249
699 699 (1) 2 : 0.120 0.627 0.168 0.085
700 700 (0) 2 : 0.125 0.059 0.250 0.565
701 701 (0) 2 : 0.085 0.406 0.294 0.215
702 702 (1) 2 : 0.369 0.278 0.161 0.192
703 703 (1) 2 : 0.231 0.045 0.312 0.412
704 704 (0) 2 : 0.598 0.127 0.111 0.163
705 705 (0) 2 : 0.047 0.251 0.372 0.330
706 706 (0) 2 : 0.398 0.198 0.230 0.174
707 707 (1) 2 : 0.040 0.812 0.083 0.065
708 708 (1) 2 : 0.197 0.323 0.191 0.289
709 709 (0) 2 : 0.431 0.186 0.148 0.235
710 710 (0) 2 : 0.084 0.230 0.403 0.283
711 711 (0) 2 : 0.251 0.061 0.326 0.362
712 712 (1) 2 : 0.079 0.183 0.400 0.338
713 713 (0) 2 : 0.120 0.114 0.271 0.495
714 714 (0) 2 : 0.087 0.064 0.345 0.504
715 715 (0) 2 : 0.141 0.072 0.363 0.423
716 716 (0) 2 : 0.552 0.119 0.200 0.129
717 717 (1) 2 : 0.090 0.596 0.177 0.137
718 718 (1) 2 : 0.058 0.587 0.211 0.143
719 719 (7) 2 : 0.022 0.706 0.170 0.102
720 720 (2) 2 : 0.086 0.067 0.455 0.393
721 721 (1) 2 : 0.066 0.458 0.200 0.276
722 722 (0) 2 : 0.063 0.215 0.294 0.429
723 723 (1) 2 : 0.058 0.625 0.158 0.159
724 724 (0) 2 : 0.480 0.067 0.228 0.225
725 725 (0) 2 : 0.067 0.215 0.343 0.374
726 726 (0) 2 : 0.061 0.270 0.381 0.287
727 727 (1) 2 : 0.081 0.798 0.059 0.061
728 728 (0) 2 : 0.258 0.336 0.259 0.147
729 729 (1) 2 : 0.066 0.283 0.336 0.316
730 730 (0) 2 : 0.166 0.132 0.307 0.394
731 731 (2) 2 : 0.694 0.121 0.105 0.080
732 732 (1) 2 : 0.273 0.577 0.076 0.075
733 733 (0) 2 : 0.042 0.098 0.288 0.573
734 734 (0) 2 : 0.049 0.087 0.507 0.357
735 735 (0) 2 : 0.042 0.321 0.349 0.288
736 736 (0) 2 : 0.160 0.063 0.427 0.350
737 737 (0) 2 : 0.119 0.093 0.330 0.457
738 738 (0) 2 : 0.280 0.142 0.191 0.387
739 739 (0) 2 : 0.140 0.340 0.263 0.257
740 740 (0) 2 : 0.018 0.377 0.328 0.277
741 741 (0) 2 : 0.263 0.081 0.329 0.327
742 742 (0) 2 : 0.109 0.311 0.414 0.166
743 743 (0) 2 : 0.053 0.042 0.325 0.579
744 744 (0) 2 : 0.031 0.117 0.444 0.407
745 745 (0) 2 : 0.047 0.114 0.504 0.335
746 746 (0) 2 : 0.505 0.070 0.217 0.209
747 747 (0) 2 : 0.898 0.020 0.038 0.044
748 748 (2) 2 : 0.110 0.037 0.347 0.506
749 749 (5) 2 : 0.296 0.458 0.149 0.097
750 750 (1) 2 : 0.105 0.141 0.234 0.520
751 751 (0) 2 : 0.347 0.034 0.310 0.310
752 752 (3) 2 : 0.023 0.163 0.288 0.526
753 753 (0) 2 : 0.022 0.029 0.506 0.443
754 754 (0) 2 : 0.057 0.143 0.539 0.261
755 755 (0) 2 : 0.040 0.867 0.048 0.044
756 756 (0) 2 : 0.194 0.068 0.405 0.332
757 757 (0) 2 : 0.075 0.460 0.269 0.197
758 758 (1) 2 : 0.169 0.132 0.204 0.494
759 759 (0) 2 : 0.128 0.170 0.224 0.479
760 760 (0) 2 : 0.385 0.149 0.238 0.228
761 761 (0) 2 : 0.018 0.052 0.346 0.584
762 762 (0) 2 : 0.033 0.061 0.243 0.662
763 763 (0) 2 : 0.273 0.128 0.225 0.373
764 764 (0) 4 : 0.067 0.179 0.299 0.455
765 765 (0) 2 : 0.106 0.115 0.340 0.440
766 766 (0) 4 : 0.029 0.133 0.432 0.407
767 767 (0) 4 : 0.024 0.040 0.578 0.357
768 768 (0) 4 : 0.088 0.049 0.417 0.446
769 769 (0) 2 : 0.050 0.301 0.281 0.368
770 770 (0) 4 : 0.060 0.104 0.409 0.427
771 771 (1) 3 : 0.051 0.554 0.220 0.174
772 772 (0) 2 : 0.049 0.079 0.345 0.527
773 773 (0) 3 : 0.194 0.517 0.122 0.166
774 774 (0) 3 : 0.048 0.821 0.062 0.069
775 775 (0) 3 : 0.025 0.913 0.028 0.035
776 776 (0) 3 : 0.102 0.817 0.036 0.044
777 777 (0) 3 : 0.026 0.892 0.042 0.041
778 778 (3) 4 : 0.160 0.037 0.239 0.563
779 779 (1) 2 : 0.118 0.202 0.340 0.341
780 780 (0) 4 : 0.080 0.151 0.484 0.286
781 781 (0) 4 : 0.039 0.069 0.565 0.327
782 782 (0) 4 : 0.109 0.162 0.277 0.452
783 783 (0) 4 : 0.169 0.053 0.350 0.428
784 784 (0) 2 : 0.544 0.178 0.136 0.142
785 785 (0) 4 : 0.056 0.045 0.532 0.368
786 786 (0) 3 : 0.352 0.265 0.217 0.166
787 787 (0) 3 : 0.043 0.872 0.046 0.038
788 788 (0) 3 : 0.023 0.763 0.155 0.058
789 789 (0) 3 : 0.077 0.630 0.163 0.131
790 790 (1) 3 : 0.057 0.732 0.105 0.105
791 791 (0) 3 : 0.054 0.478 0.232 0.236
792 792 (2) 4 : 0.039 0.190 0.342 0.430
793 793 (4) 4 : 0.065 0.116 0.236 0.582
794 794 (0) 4 : 0.028 0.285 0.380 0.307
795 795 (2) 4 : 0.194 0.079 0.282 0.445
796 796 (0) 4 : 0.081 0.184 0.301 0.434
797 797 (1) 2 : 0.335 0.148 0.203 0.314
798 798 (0) 4 : 0.194 0.252 0.362 0.193
799 799 (1) 3 : 0.133 0.586 0.188 0.093
800 800 (0) 2 : 0.114 0.520 0.154 0.211
801 801 (1) 3 : 0.044 0.513 0.245 0.197
802 802 (1) 3 : 0.129 0.803 0.035 0.033
803 803 (0) 3 : 0.030 0.861 0.062 0.047
804 804 (0) 3 : 0.023 0.900 0.040 0.037
805 805 (0) 4 : 0.078 0.123 0.288 0.511
806 806 (1) 4 : 0.027 0.072 0.588 0.313
807 807 (0) 4 : 0.082 0.180 0.456 0.282
808 808 (0) 4 : 0.093 0.070 0.321 0.517
809 809 (0) 2 : 0.096 0.540 0.158 0.206
810 810 (0) 4 : 0.061 0.105 0.532 0.301
811 811 (0) 2 : 0.083 0.221 0.309 0.387
812 812 (1) 3 : 0.056 0.372 0.354 0.218
813 813 (0) 3 : 0.019 0.803 0.092 0.086
814 814 (0) 3 : 0.172 0.670 0.081 0.077
815 815 (0) 3 : 0.052 0.830 0.053 0.065
816 816 (0) 3 : 0.061 0.803 0.072 0.065
817 817 (6) 4 : 0.078 0.107 0.248 0.567
818 818 (0) 2 : 0.423 0.104 0.274 0.199
819 819 (2) 4 : 0.053 0.219 0.368 0.360
820 820 (1) 4 : 0.044 0.128 0.203 0.625
821 821 (2) 4 : 0.144 0.070 0.433 0.353
822 822 (0) 4 : 0.062 0.076 0.523 0.339
823 823 (0) 2 : 0.115 0.063 0.379 0.443
824 824 (0) 4 : 0.073 0.098 0.390 0.440
825 825 (0) 2 : 0.775 0.032 0.072 0.122
826 826 (1) 3 : 0.019 0.891 0.047 0.043
827 827 (0) 2 : 0.821 0.078 0.054 0.047
828 828 (0) 3 : 0.062 0.608 0.199 0.131
829 829 (0) 3 : 0.075 0.730 0.123 0.072
830 830 (0) 3 : 0.094 0.763 0.060 0.082
831 831 (0) 3 : 0.028 0.885 0.047 0.040
832 832 (0) 4 : 0.100 0.345 0.246 0.310
833 833 (0) 2 : 0.031 0.185 0.516 0.267
834 834 (2) 4 : 0.046 0.059 0.519 0.377
835 835 (0) 4 : 0.091 0.214 0.264 0.431
836 836 (4) 4 : 0.042 0.062 0.643 0.253
837 837 (0) 4 : 0.125 0.239 0.291 0.345
838 838 (0) 2 : 0.203 0.153 0.357 0.287
839 839 (0) 2 : 0.157 0.250 0.296 0.297
840 840 (1) 3 : 0.117 0.650 0.108 0.125
841 841 (0) 3 : 0.073 0.844 0.044 0.039
842 842 (0) 3 : 0.013 0.883 0.047 0.057
843 843 (1) 3 : 0.033 0.867 0.055 0.045
844 844 (0) 3 : 0.026 0.888 0.041 0.045
845 845 (1) 2 : 0.042 0.076 0.629 0.253
846 846 (2) 4 : 0.048 0.056 0.273 0.623
847 847 (0) 4 : 0.138 0.146 0.374 0.341
848 848 (1) 4 : 0.101 0.425 0.181 0.292
849 849 (0) 4 : 0.081 0.085 0.307 0.527
850 850 (0) 3 : 0.160 0.594 0.152 0.093
851 851 (0) 3 : 0.038 0.794 0.089 0.078
852 852 (0) 3 : 0.026 0.862 0.049 0.063
853 853 (1) 3 : 0.043 0.819 0.075 0.063
854 854 (1) 3 : 0.016 0.900 0.042 0.042
855 855 (0) 2 : 0.479 0.294 0.102 0.125
856 856 (0) 4 : 0.026 0.068 0.558 0.348
857 857 (0) 4 : 0.052 0.233 0.439 0.275
858 858 (0) 4 : 0.071 0.175 0.360 0.395
859 859 (0) 2 : 0.199 0.364 0.170 0.267
860 860 (0) 2 : 0.050 0.155 0.310 0.485
861 861 (0) 3 : 0.048 0.610 0.164 0.178
862 862 (0) 3 : 0.045 0.879 0.039 0.036
863 863 (0) 3 : 0.016 0.907 0.032 0.046
864 864 (0) 3 : 0.030 0.634 0.212 0.124
865 865 (0) 3 : 0.032 0.777 0.109 0.082
866 866 (0) 2 : 0.634 0.094 0.126 0.147
867 867 (0) 2 : 0.413 0.111 0.256 0.220
868 868 (0) 2 : 0.075 0.757 0.098 0.070
869 869 (0) 2 : 0.874 0.051 0.037 0.039
870 870 (0) 2 : 0.052 0.699 0.132 0.117
871 871 (0) 2 : 0.148 0.062 0.329 0.462
872 872 (0) 2 : 0.078 0.571 0.219 0.131
873 873 (0) 2 : 0.147 0.056 0.295 0.502
874 874 (0) 2 : 0.885 0.046 0.035 0.033
875 875 (0) 2 : 0.656 0.210 0.080 0.055
876 876 (1) 2 : 0.788 0.028 0.084 0.100
877 877 (0) 2 : 0.073 0.078 0.355 0.494
878 878 (0) 2 : 0.073 0.236 0.455 0.236
879 879 (0) 2 : 0.046 0.156 0.348 0.450
880 880 (0) 2 : 0.128 0.075 0.368 0.429
881 881 (0) 2 : 0.465 0.223 0.178 0.134
882 882 (1) 2 : 0.471 0.194 0.220 0.115
883 883 (0) 2 : 0.164 0.268 0.308 0.260
884 884 (3) 2 : 0.465 0.360 0.087 0.088
885 885 (0) 2 : 0.049 0.221 0.449 0.281
886 886 (0) 2 : 0.877 0.037 0.046 0.041
887 887 (0) 2 : 0.038 0.051 0.424 0.487
888 888 (0) 2 : 0.049 0.022 0.619 0.309
889 889 (0) 2 : 0.248 0.125 0.273 0.354
890 890 (0) 2 : 0.098 0.183 0.294 0.425
891 891 (0) 2 : 0.116 0.547 0.169 0.168
892 892 (0) 2 : 0.146 0.199 0.275 0.380
893 893 (0) 2 : 0.210 0.081 0.155 0.555
894 894 (0) 2 : 0.021 0.101 0.247 0.631
895 895 (0) 2 : 0.035 0.671 0.169 0.125
896 896 (0) 2 : 0.048 0.302 0.309 0.341
897 897 (6) 2 : 0.850 0.028 0.056 0.066
898 898 (1) 2 : 0.052 0.159 0.364 0.424
899 899 (0) 2 : 0.119 0.279 0.370 0.232
900 900 (0) 2 : 0.029 0.735 0.129 0.108
901 901 (0) 2 : 0.200 0.070 0.312 0.417
902 902 (1) 2 : 0.416 0.143 0.295 0.146
903 903 (0) 2 : 0.514 0.285 0.110 0.091
904 904 (1) 2 : 0.043 0.067 0.355 0.535
905 905 (0) 2 : 0.119 0.042 0.326 0.513
906 906 (0) 2 : 0.041 0.163 0.490 0.306
907 907 (0) 2 : 0.046 0.560 0.175 0.220
908 908 (0) 2 : 0.366 0.046 0.369 0.218
909 909 (1) 2 : 0.920 0.025 0.026 0.030
910 910 (2) 2 : 0.029 0.121 0.556 0.294
911 911 (1) 2 : 0.040 0.834 0.070 0.056
912 912 (0) 2 : 0.050 0.847 0.054 0.049
913 913 (0) 2 : 0.842 0.070 0.047 0.041
914 914 (0) 2 : 0.107 0.224 0.419 0.250
915 915 (0) 2 : 0.136 0.135 0.314 0.414
916 916 (0) 2 : 0.105 0.673 0.094 0.128
917 917 (0) 2 : 0.578 0.204 0.089 0.128
918 918 (0) 2 : 0.453 0.040 0.179 0.328
919 919 (0) 2 : 0.855 0.040 0.058 0.048
920 920 (0) 2 : 0.074 0.598 0.153 0.176
921 921 (1) 2 : 0.033 0.825 0.068 0.074
922 922 (0) 2 : 0.035 0.094 0.266 0.605
923 923 (0) 2 : 0.078 0.054 0.428 0.441
924 924 (0) 2 : 0.058 0.064 0.350 0.528
925 925 (0) 2 : 0.339 0.119 0.330 0.212
926 926 (0) 2 : 0.841 0.046 0.051 0.062
927 927 (1) 2 : 0.320 0.036 0.308 0.336
928 928 (0) 2 : 0.855 0.054 0.049 0.042
929 929 (0) 2 : 0.890 0.037 0.034 0.039
930 930 (0) 2 : 0.116 0.189 0.378 0.317
931 931 (0) 2 : 0.791 0.080 0.066 0.062
932 932 (0) 2 : 0.862 0.068 0.033 0.037
933 933 (0) 2 : 0.066 0.191 0.399 0.344
934 934 (0) 2 : 0.130 0.701 0.096 0.073
935 935 (0) 2 : 0.080 0.072 0.512 0.335
936 936 (1) 2 : 0.832 0.084 0.043 0.042
937 937 (1) 2 : 0.196 0.715 0.049 0.040
938 938 (0) 2 : 0.175 0.097 0.404 0.324
939 939 (0) 2 : 0.857 0.027 0.056 0.060
940 940 (1) 2 : 0.265 0.096 0.254 0.384
941 941 (0) 2 : 0.537 0.058 0.199 0.206
942 942 (0) 2 : 0.793 0.059 0.089 0.059
943 943 (0) 2 : 0.017 0.087 0.368 0.527
944 944 (0) 2 : 0.830 0.038 0.067 0.066
945 945 (0) 2 : 0.184 0.427 0.268 0.121
946 946 (0) 2 : 0.045 0.195 0.491 0.269
947 947 (0) 2 : 0.476 0.135 0.153 0.236
948 948 (0) 2 : 0.041 0.066 0.349 0.544
949 949 (0) 2 : 0.805 0.109 0.040 0.045
950 950 (0) 2 : 0.061 0.230 0.331 0.378
951 951 (0) 2 : 0.034 0.143 0.309 0.515
952 952 (0) 2 : 0.053 0.111 0.320 0.516
953 953 (0) 2 : 0.260 0.296 0.192 0.251
954 954 (0) 2 : 0.616 0.168 0.136 0.079
955 955 (0) 2 : 0.329 0.141 0.311 0.219
956 956 (0) 2 : 0.055 0.814 0.075 0.056
957 957 (1) 2 : 0.036 0.201 0.412 0.351
958 958 (0) 2 : 0.130 0.085 0.481 0.304
959 959 (4) 2 : 0.533 0.200 0.192 0.075
960 960 (0) 2 : 0.857 0.035 0.051 0.057
961 961 (1) 2 : 0.911 0.027 0.028 0.035
962 962 (0) 2 : 0.424 0.113 0.243 0.220
963 963 (0) 2 : 0.135 0.292 0.374 0.198
964 964 (0) 2 : 0.122 0.246 0.313 0.319
965 965 (0) 2 : 0.057 0.125 0.292 0.526
966 966 (0) 2 : 0.893 0.021 0.046 0.040
967 967 (0) 2 : 0.049 0.607 0.165 0.179
968 968 (0) 2 : 0.058 0.104 0.295 0.543
969 969 (0) 2 : 0.087 0.198 0.480 0.235
970 970 (0) 2 : 0.434 0.282 0.132 0.152
971 971 (0) 2 : 0.528 0.183 0.198 0.091
972 972 (0) 2 : 0.506 0.210 0.135 0.148
973 973 (0) 2 : 0.070 0.102 0.468 0.360
974 974 (5) 2 : 0.150 0.163 0.364 0.323
975 975 (0) 2 : 0.040 0.061 0.378 0.521
976 976 (0) 2 : 0.067 0.609 0.194 0.131
977 977 (0) 2 : 0.771 0.050 0.077 0.102
978 978 (0) 2 : 0.926 0.023 0.023 0.028
979 979 (0) 2 : 0.864 0.050 0.045 0.041
980 980 (0) 2 : 0.207 0.408 0.197 0.189
981 981 (0) 2 : 0.866 0.061 0.038 0.035
982 982 (3) 2 : 0.745 0.089 0.103 0.062
983 983 (0) 2 : 0.068 0.845 0.038 0.049
984 984 (0) 2 : 0.274 0.038 0.368 0.320
985 985 (0) 2 : 0.053 0.563 0.225 0.159
986 986 (0) 2 : 0.059 0.166 0.502 0.273
987 987 (1) 2 : 0.056 0.599 0.129 0.216
988 988 (0) 2 : 0.828 0.067 0.053 0.052
989 989 (0) 2 : 0.107 0.797 0.050 0.046
990 990 (0) 2 : 0.099 0.527 0.182 0.192
991 991 (0) 2 : 0.874 0.032 0.047 0.047
992 992 (0) 2 : 0.068 0.063 0.561 0.308
993 993 (0) 2 : 0.158 0.505 0.165 0.172
994 994 (1) 2 : 0.120 0.645 0.098 0.136
995 995 (1) 2 : 0.454 0.077 0.206 0.263
996 996 (0) 2 : 0.282 0.149 0.267 0.303
997 997 (1) 2 : 0.930 0.021 0.026 0.023
998 998 (0) 2 : 0.308 0.266 0.207 0.220
999 999 (1) 2 : 0.779 0.072 0.082 0.067
1000 1000 (0) 2 : 0.098 0.174 0.380 0.348
