sample_type	indiv	repunit	collection	OMGH1PROM1-SNP1	OMGH1PROM1-SNP1_1	Omy_101554-306	Omy_101554-306_1	Omy_101832-195	Omy_101832-195_1	Omy_101993-189	Omy_101993-189_1	Omy_102505-102	Omy_102505-102_1	Omy_103705-558	Omy_103705-558_1	Omy_104519-624	Omy_104519-624_1	Omy_105075-162	Omy_105075-162_1	Omy_105105-448	Omy_105105-448_1	Omy_105385-406	Omy_105385-406_1	Omy_105714-265	Omy_105714-265_1	Omy_107285-69	Omy_107285-69_1	Omy_109243-222	Omy_109243-222_1	Omy_109525-403	Omy_109525-403_1	Omy_110064-419	Omy_110064-419_1	Omy_110201-359	Omy_110201-359_1	Omy_110362-585	Omy_110362-585_1	Omy_110689-148	Omy_110689-148_1	Omy_111666-301	Omy_111666-301_1	Omy_112301-202	Omy_112301-202_1	Omy_112820-82	Omy_112820-82_1	Omy_114315-438	Omy_114315-438_1	Omy_114587-480	Omy_114587-480_1	Omy_114976-223	Omy_114976-223_1	Omy_116733-349	Omy_116733-349_1	Omy_117286-374	Omy_117286-374_1	Omy_117370-400	Omy_117370-400_1	Omy_117540-259	Omy_117540-259_1	Omy_117815-81	Omy_117815-81_1	Omy_118175-396	Omy_118175-396_1	Omy_118654-91	Omy_118654-91_1	Omy_120255-332	Omy_120255-332_1	Omy_129870-756	Omy_129870-756_1	Omy_130524-160	Omy_130524-160_1	Omy_131460-646	Omy_131460-646_1	Omy_96222-125	Omy_96222-125_1	Omy_97077-73	Omy_97077-73_1	Omy_97954-618	Omy_97954-618_1	Omy_98683-165	Omy_98683-165_1	Omy_99300-202	Omy_99300-202_1	Omy_arp-630	Omy_arp-630_1	Omy_aspAT-123	Omy_aspAT-123_1	Omy_g12-82	Omy_g12-82_1	Omy_gh-475	Omy_gh-475_1	Omy_mapK3-103	Omy_mapK3-103_1
reference	OmyAC19ROGR_4154	Rogue	fall	4	4	1	1	4	3	4	4	4	4	1	3	1	3	1	2	1	1	1	3	3	3	3	2	3	3	4	4	1	2	1	2	2	2	4	4	1	1	1	1	2	4	1	1	1	2	1	2	3	1	1	1	2	2	1	1	3	3	1	1	2	2	4	4	1	1	2	2	1	1	1	3	4	4	1	1	4	4	4	4	2	4	1	1	1	1	3	3	4	1
reference	OmyAC19ROGR_4253	Rogue	fall	1	1	1	1	3	3	4	1	4	4	1	1	1	3	2	2	3	1	1	3	3	1	3	3	4	3	4	4	1	1	1	2	2	2	4	3	1	1	1	2	2	2	1	1	1	1	1	1	1	1	1	1	4	4	1	2	3	3	1	1	2	2	4	4	1	1	3	2	1	1	3	3	4	4	1	1	NA	NA	4	4	2	4	1	3	1	1	3	1	4	1
reference	OmyAC19ROGR_4557	Rogue	fall	4	1	1	1	3	3	4	4	4	4	1	3	3	3	2	2	3	3	1	3	3	3	3	3	3	3	4	2	1	2	1	2	2	4	4	3	1	1	1	1	4	4	1	1	1	1	2	2	1	1	1	1	4	4	1	2	3	1	1	1	2	2	4	4	1	1	2	2	1	1	1	3	4	4	3	1	4	4	4	4	2	2	1	1	1	1	3	3	1	1
reference	OmyAC19ROGR_4845	Rogue	fall	4	1	3	3	3	3	4	4	4	4	1	3	1	1	1	2	3	1	1	3	3	3	3	3	4	4	2	2	1	1	1	2	2	2	4	3	1	4	1	1	4	4	1	1	1	1	1	2	3	1	1	1	4	2	1	2	1	1	1	4	2	2	4	4	3	3	2	2	1	1	3	3	1	4	1	1	4	4	4	4	2	2	1	1	1	1	3	3	4	4
reference	OmyAC19ROGR_4928	Rogue	fall	4	1	1	1	3	3	4	4	2	2	3	3	1	3	2	2	1	1	1	3	3	1	3	3	3	3	4	4	1	1	1	2	2	2	4	4	1	1	1	2	4	4	1	2	1	1	2	2	1	1	1	1	4	4	1	1	3	1	1	1	4	2	4	4	3	1	3	3	1	1	3	3	4	4	1	1	4	4	4	4	2	4	1	1	1	3	3	3	4	1
reference	OmyAC19ROGR_5417	Rogue	fall	1	1	1	1	3	3	4	1	4	4	1	3	1	1	1	2	3	1	1	1	1	1	3	3	4	4	4	4	1	1	1	2	2	2	4	3	1	1	1	2	4	4	1	1	1	1	1	1	3	1	1	1	4	2	1	2	3	3	1	1	2	2	4	4	3	1	2	2	1	1	1	3	4	4	1	1	4	3	4	4	2	4	1	1	1	1	3	3	4	4
reference	OmyAC19ROGR_5469	Rogue	fall	4	1	1	1	3	3	1	1	4	2	1	1	1	1	2	2	3	3	1	1	3	1	3	3	4	3	4	4	1	1	1	1	2	2	4	3	1	1	1	1	4	4	1	1	2	2	1	1	3	1	1	1	4	2	1	2	3	3	1	1	2	2	4	4	3	1	2	2	1	1	3	3	1	1	1	1	4	4	4	4	2	4	1	3	3	3	3	3	4	4
reference	OmyAC19ROGR_5531	Rogue	fall	4	1	1	1	3	3	4	1	4	2	1	3	1	3	1	2	1	1	1	1	3	1	3	3	4	4	4	2	1	2	1	1	2	4	4	3	1	4	1	2	2	4	1	1	1	1	1	2	1	1	1	1	4	4	1	1	3	1	1	1	2	2	4	4	3	1	3	2	1	1	3	3	4	4	3	1	4	4	1	4	4	4	1	1	1	1	3	3	4	4
reference	OmyAC19ROGR_5609	Rogue	fall	4	1	1	3	3	3	1	1	4	4	3	3	1	3	2	2	3	3	1	1	1	1	3	3	4	3	4	2	1	2	1	2	2	4	4	3	1	4	1	2	2	2	1	1	1	2	1	2	1	1	1	1	4	2	1	2	3	1	1	4	4	2	4	4	3	1	3	2	1	1	1	3	4	4	1	1	3	3	4	4	2	4	1	3	1	3	3	3	4	4
reference	OmyAC19ROGR_4163	Rogue	fall	4	4	1	1	3	3	4	4	4	4	1	3	1	3	2	2	3	1	1	3	3	1	3	3	3	3	4	2	1	2	1	2	2	2	4	3	1	1	1	2	2	2	1	2	1	1	1	1	1	1	1	1	4	2	1	1	3	1	1	1	2	2	4	4	3	1	3	2	1	1	3	3	1	4	1	1	4	3	4	4	2	4	1	1	1	1	3	3	4	4
reference	OmyAC19ROGR_4846	Rogue	fall	4	1	NA	NA	4	3	4	1	4	4	3	3	3	3	1	2	3	1	1	3	3	3	3	3	4	4	4	2	1	2	1	1	2	4	4	3	1	4	1	1	2	4	1	2	NA	NA	1	2	1	1	1	1	4	2	1	2	3	3	1	1	2	2	4	4	1	1	3	2	1	1	3	3	1	4	1	1	4	4	4	4	2	4	1	1	1	3	3	1	4	4
reference	OmyAC19ROGR_5064	Rogue	fall	4	1	1	1	3	3	4	1	4	4	3	3	1	3	1	2	1	1	1	3	3	3	3	3	4	4	4	4	1	2	1	2	2	4	4	4	1	4	1	1	2	4	1	2	1	1	2	2	1	1	1	1	4	2	1	1	1	1	1	1	2	2	4	4	1	1	2	2	1	1	3	3	1	4	1	1	4	4	4	4	2	4	1	3	1	1	3	1	4	1
reference	OmyAC19ROGR_5434	Rogue	fall	1	1	3	3	3	3	4	4	4	4	3	3	1	3	1	2	3	1	1	1	3	3	3	3	4	4	4	4	1	1	1	1	2	4	3	3	1	1	1	2	2	4	1	1	1	1	1	2	1	1	1	1	4	2	1	2	3	3	1	1	2	2	4	4	1	1	2	2	1	1	1	3	4	4	1	1	4	3	4	4	2	4	1	3	1	1	3	3	4	4
reference	OmyAC19ROGR_5532	Rogue	fall	1	1	1	1	3	3	4	4	4	2	1	3	3	3	2	2	3	1	1	1	3	3	3	3	4	3	4	2	1	2	2	2	2	4	4	4	1	1	1	1	2	4	1	1	1	1	1	2	1	1	1	1	4	2	2	2	3	1	1	1	4	2	4	4	1	1	3	2	1	1	1	1	4	4	3	1	4	4	4	4	4	4	1	1	1	1	3	3	4	1
reference	OmyAC19ROGR_5614	Rogue	fall	4	1	1	3	3	3	4	4	4	4	3	3	1	1	2	2	3	1	1	1	3	3	3	3	3	3	4	4	1	2	1	2	2	2	4	3	1	1	1	1	4	4	1	2	1	1	1	2	1	1	1	1	4	4	1	1	3	1	1	1	2	2	4	1	1	1	2	2	1	1	3	3	4	4	3	1	4	4	4	4	2	2	1	1	1	1	3	3	4	4
reference	OmyAC19ROGR_4038	Rogue	fall	1	1	1	1	4	3	NA	NA	4	4	3	3	3	3	2	2	3	3	1	1	3	1	3	2	4	3	4	2	1	2	1	2	2	4	4	4	1	1	1	1	4	4	1	2	NA	NA	1	1	1	1	1	1	4	4	1	2	3	1	1	1	2	2	4	4	1	1	3	3	1	1	1	1	4	4	3	1	4	4	4	4	4	4	1	3	1	1	3	3	4	4
reference	OmyAC19ROGR_4239	Rogue	fall	4	1	1	1	3	3	4	4	4	4	3	3	1	3	2	2	1	1	1	3	3	3	3	3	3	3	4	2	1	1	1	2	2	2	3	3	1	4	1	1	2	4	1	1	1	1	1	1	1	1	1	1	4	2	1	1	3	3	1	4	2	2	4	4	3	1	3	2	1	1	3	3	1	4	1	1	4	4	4	4	2	4	1	1	1	1	3	1	4	4
reference	OmyAC19ROGR_4287	Rogue	fall	1	1	1	1	3	3	4	1	4	4	3	3	3	3	1	2	1	1	1	1	3	3	3	3	4	3	4	4	1	1	2	2	2	2	4	4	1	1	2	2	2	4	1	1	1	1	1	1	1	1	1	1	4	2	1	1	3	1	1	1	2	2	4	4	3	1	3	3	1	1	1	3	1	4	3	1	4	4	4	4	2	4	1	3	1	3	3	3	4	1
reference	OmyAC19ROGR_4593	Rogue	fall	1	1	1	1	4	4	1	1	4	4	1	3	1	3	2	2	1	1	1	1	3	1	3	3	4	3	4	4	1	1	1	2	2	2	4	3	1	1	1	1	4	4	1	2	1	1	1	1	1	1	1	1	4	2	2	2	3	3	1	1	4	2	4	4	3	1	2	2	1	1	1	1	1	4	1	1	4	4	4	4	4	4	1	1	1	3	3	3	4	4
reference	OmyAC19ROGR_5320	Rogue	fall	1	1	1	1	4	3	4	4	4	4	3	3	1	3	2	2	1	1	1	3	3	1	3	3	4	3	4	2	1	1	2	2	2	2	4	3	1	4	1	1	2	4	1	2	1	2	1	1	1	1	1	1	4	4	2	2	3	3	1	1	2	2	4	4	1	1	3	2	1	1	1	3	4	4	1	1	4	4	4	4	2	4	1	1	1	3	3	3	4	1
reference	OmyAC19ROGR_5445	Rogue	fall	1	1	1	1	3	3	4	1	4	4	1	3	3	3	2	2	3	1	1	3	3	3	3	3	4	3	4	4	1	2	1	1	2	2	4	4	1	4	1	2	2	4	1	2	1	2	1	1	1	1	1	1	4	4	1	2	3	3	1	1	2	2	4	4	3	1	3	2	1	1	3	3	1	4	3	1	4	4	4	4	2	4	1	3	1	1	3	3	4	1
reference	OmyAC19ROGR_5494	Rogue	fall	1	1	1	3	3	3	4	4	4	2	3	3	1	1	2	2	3	1	1	1	3	3	3	3	3	3	4	2	1	1	1	2	4	4	4	4	1	1	1	1	4	4	1	2	1	2	1	1	3	1	1	1	4	2	1	2	3	1	1	1	2	2	4	4	1	1	3	2	3	1	3	3	4	4	1	1	4	4	4	4	4	4	1	1	1	1	3	3	4	1
reference	OmyAC19ROGR_5620	Rogue	fall	1	1	1	3	3	3	4	1	4	4	1	3	1	1	1	2	1	1	1	3	3	3	3	3	3	3	4	2	1	1	2	2	2	2	4	3	1	1	1	2	2	2	1	1	1	1	1	1	3	1	1	1	2	2	1	1	3	1	1	4	2	2	4	4	1	1	3	3	1	1	3	3	4	4	1	1	3	3	4	4	2	4	1	1	1	1	3	3	4	4
reference	OmyAC19ROGR_4242	Rogue	fall	1	1	1	3	3	3	4	1	4	2	3	3	1	3	2	2	3	1	3	3	3	3	3	3	3	3	4	4	1	1	2	2	2	2	3	3	1	1	1	2	2	2	1	2	1	2	1	1	1	1	1	1	4	4	1	2	3	1	1	1	2	2	4	4	3	1	3	2	1	1	3	3	4	4	1	1	4	4	4	4	2	4	1	1	1	3	3	3	4	1
reference	OmyAC19ROGR_4306	Rogue	fall	4	1	1	3	3	3	4	1	4	4	3	3	1	3	2	2	1	1	1	1	3	1	3	3	4	3	2	2	1	2	1	1	2	2	3	3	1	4	1	1	2	4	1	1	1	1	1	1	1	1	1	1	4	2	1	2	3	1	1	4	2	2	4	4	1	1	3	3	1	1	1	3	4	4	3	1	4	4	4	4	4	4	1	1	1	1	3	3	4	1
reference	OmyAC19ROGR_4607	Rogue	fall	1	1	1	3	3	3	4	4	4	4	1	3	1	3	1	1	3	1	1	1	3	3	3	3	3	3	4	2	1	2	1	1	2	2	3	3	1	1	1	2	4	4	1	1	1	2	1	1	1	1	1	1	4	2	2	2	3	1	1	1	2	2	4	4	3	1	2	2	1	1	3	3	4	4	1	1	4	3	4	4	4	4	1	1	1	1	3	3	4	4
reference	OmyAC19ROGR_4868	Rogue	fall	1	1	1	3	4	3	4	4	4	4	1	3	1	3	2	2	1	1	1	3	3	3	3	3	4	4	4	2	1	1	1	1	2	2	4	4	1	1	1	2	2	2	1	2	1	1	1	1	1	1	1	1	4	4	2	2	3	1	1	1	2	2	4	4	1	1	2	2	1	1	1	3	4	4	1	1	4	4	4	4	2	4	1	3	1	1	3	3	4	1
reference	OmyAC19ROGR_5327	Rogue	fall	4	1	1	1	3	3	4	4	4	4	3	3	1	1	2	2	3	1	1	3	3	3	3	2	4	3	2	2	1	2	2	2	2	2	4	3	4	4	1	2	2	4	1	1	1	1	1	1	1	1	1	1	4	4	1	1	3	3	1	4	2	2	4	1	1	1	3	2	1	1	3	3	1	4	1	1	NA	NA	4	4	2	4	1	1	1	3	3	3	4	4
reference	OmyAC19ROGR_5505	Rogue	fall	1	1	NA	NA	3	3	4	1	4	4	3	3	1	1	1	2	3	1	1	1	3	1	3	3	4	3	4	4	1	1	1	1	2	2	4	4	1	4	1	2	NA	NA	1	2	NA	NA	1	1	1	1	1	1	4	2	1	2	NA	NA	1	1	2	2	4	4	1	1	3	2	1	1	3	3	4	4	3	1	4	4	4	4	4	4	1	1	1	1	3	3	1	1
reference	OmyAC19ROGR_5543	Rogue	fall	1	1	1	3	3	3	4	4	4	2	1	3	1	3	2	2	3	3	1	1	3	1	3	3	3	3	4	2	1	1	1	1	2	2	4	3	1	4	1	1	4	4	1	2	1	2	1	1	3	1	1	1	4	2	1	1	3	3	1	4	2	2	4	4	1	1	3	2	1	1	3	3	4	4	1	1	4	4	4	4	2	4	1	1	1	1	3	1	4	4
reference	OmyAC19ROGR_5621	Rogue	fall	1	1	1	1	3	3	4	1	4	4	1	3	1	1	2	2	3	3	1	1	3	3	3	3	3	3	4	2	1	2	1	2	2	4	4	4	1	1	1	1	2	4	1	1	1	1	1	1	1	1	1	1	4	4	1	2	1	1	1	1	4	2	4	4	1	1	3	3	1	1	3	3	4	4	1	1	4	4	4	4	2	4	1	1	1	1	3	3	4	1
reference	OmyAC19ROGR_4060	Rogue	fall	1	1	1	1	3	3	4	1	4	2	1	3	1	1	2	2	3	1	1	3	3	1	3	2	3	3	2	2	1	2	1	2	2	2	4	4	4	4	1	1	2	4	1	1	1	2	1	1	1	1	1	1	4	4	1	2	3	3	1	1	2	2	4	4	1	1	3	3	1	1	1	3	1	4	3	1	4	4	4	4	2	4	1	1	1	1	3	1	4	1
reference	OmyAC19ROGR_4245	Rogue	fall	1	1	1	1	3	3	4	1	4	2	1	1	1	3	1	2	3	1	1	1	3	3	3	3	3	3	4	4	1	1	2	2	2	4	4	4	1	4	2	2	2	2	1	2	1	2	1	2	1	1	1	1	4	2	1	2	3	3	1	4	4	2	4	4	1	1	2	2	1	1	1	3	4	4	1	1	4	4	4	4	2	4	1	1	1	1	3	3	1	1
reference	OmyAC19ROGR_4883	Rogue	fall	1	1	1	1	3	3	4	4	2	2	3	3	1	1	2	2	3	1	1	1	3	1	3	3	4	3	2	2	1	1	1	1	2	2	3	3	4	4	1	2	2	4	1	1	1	1	1	1	1	1	1	1	4	2	1	2	3	1	1	4	2	2	4	4	1	1	2	2	1	1	1	3	4	4	1	1	NA	NA	4	4	2	2	1	1	1	1	3	3	4	4
reference	OmyAC19ROGR_5452	Rogue	fall	1	1	1	3	4	3	4	4	4	4	3	3	1	1	2	2	3	1	1	1	3	3	3	3	3	3	4	4	1	1	2	2	2	2	4	4	4	4	1	1	2	4	1	1	1	1	1	1	1	1	1	1	4	4	1	2	3	1	1	4	4	2	4	4	3	1	3	3	1	1	1	3	4	4	1	1	4	4	4	4	2	4	1	3	1	1	3	3	4	1
reference	OmyAC19ROGR_5544	Rogue	fall	1	1	1	3	3	3	4	1	4	4	1	3	1	1	2	2	1	1	1	1	3	3	3	3	4	3	4	2	1	2	1	2	2	2	4	3	1	4	1	2	2	4	1	1	1	1	1	1	1	1	1	1	4	4	1	2	3	1	1	1	4	2	4	4	3	1	3	3	1	1	3	3	4	4	1	1	NA	NA	4	4	2	4	1	1	1	1	1	1	4	1
reference	OmyAC19ROGR_5622	Rogue	fall	1	1	1	3	3	3	4	4	4	4	3	3	1	3	2	2	3	3	1	1	1	1	3	2	4	3	4	2	1	1	1	2	2	2	4	4	1	1	1	1	2	4	1	1	1	1	1	1	1	1	1	1	4	4	1	2	3	1	1	1	2	2	4	4	3	1	3	3	1	1	3	3	4	4	1	1	4	4	4	4	4	4	1	1	1	3	3	3	4	1
reference	OmyAC19ROGR_4402	Rogue	fall	4	1	1	1	3	3	4	1	4	4	1	3	1	1	1	2	1	1	3	3	3	3	3	3	3	3	4	4	1	2	1	1	2	2	4	3	1	1	2	2	2	4	1	1	1	2	1	1	1	1	1	1	4	2	2	2	3	1	1	1	2	2	4	1	3	1	3	2	1	1	1	3	4	4	1	1	4	3	4	4	4	4	1	1	1	3	3	3	4	1
reference	OmyAC19ROGR_4787	Rogue	fall	4	4	1	1	4	3	4	4	4	4	1	3	1	1	2	2	3	1	1	3	3	3	3	3	4	3	4	4	1	1	1	1	2	2	3	3	1	1	1	1	2	4	1	2	1	1	1	1	1	1	1	1	4	2	1	2	1	1	4	4	4	2	4	4	1	1	2	2	1	1	3	3	4	4	3	1	4	4	4	4	2	4	1	1	1	1	3	3	4	4
reference	OmyAC19ROGR_4898	Rogue	fall	4	1	1	3	4	3	4	4	4	4	1	3	1	1	2	2	3	1	1	1	3	3	3	3	4	3	4	4	1	1	1	1	2	2	4	3	1	1	1	2	2	4	1	1	1	2	1	1	3	1	4	1	4	4	1	2	3	1	1	4	4	2	4	1	3	1	3	2	1	1	3	3	1	4	1	1	4	4	4	4	NA	NA	1	3	1	3	3	3	4	4
reference	OmyAC19ROGR_5363	Rogue	fall	1	1	1	1	4	3	4	4	4	2	1	3	1	1	1	2	1	1	1	1	3	1	3	3	4	3	2	2	1	2	1	2	2	2	4	3	1	4	1	1	NA	NA	1	1	1	1	1	2	1	1	1	1	4	4	1	2	3	3	1	1	2	2	4	4	3	1	3	2	1	1	1	3	1	4	1	1	4	3	4	4	2	4	1	1	1	1	3	3	1	1
reference	OmyAC19ROGR_5453	Rogue	fall	4	1	1	1	3	3	4	4	4	4	3	3	1	3	2	2	3	1	1	3	3	1	3	2	3	3	4	2	1	1	1	1	2	2	4	3	1	4	1	1	2	2	1	2	1	1	1	2	3	1	1	1	4	4	1	2	3	1	1	1	2	2	4	4	3	1	3	2	1	1	3	3	4	4	1	1	4	4	4	4	2	2	1	3	1	3	3	1	4	4
reference	OmyAC19ROGR_5580	Rogue	fall	1	1	NA	NA	3	3	4	4	4	4	3	3	1	1	1	2	3	1	1	3	3	1	3	3	3	3	4	4	1	1	1	2	2	2	3	3	1	4	1	1	NA	NA	1	1	1	2	1	1	3	1	1	1	2	2	1	1	3	3	4	4	2	2	4	4	3	1	2	2	1	1	1	3	4	4	3	1	4	4	4	4	2	4	1	1	1	1	3	3	4	1
reference	OmyAC19ROGR_5624	Rogue	fall	4	1	3	3	3	3	1	1	4	4	1	1	1	1	1	2	3	1	1	3	3	1	3	3	4	3	4	4	1	1	2	2	2	2	4	4	1	4	1	1	4	4	1	1	1	1	1	2	3	1	1	1	4	4	1	2	3	3	1	1	2	2	4	4	1	1	3	3	1	1	1	3	1	4	1	1	4	3	4	4	2	2	1	1	1	1	3	3	4	4
reference	OmyAC19ROGR_4087	Rogue	fall	1	1	1	1	4	3	1	1	4	4	3	3	3	3	2	2	3	1	1	3	3	3	3	3	4	4	4	4	1	2	1	2	2	2	4	4	1	1	1	2	2	4	1	1	NA	NA	1	1	3	1	1	1	4	2	1	2	3	1	1	4	2	2	4	4	1	1	3	2	1	1	3	3	4	4	1	1	4	4	4	4	2	4	1	3	1	1	3	3	4	4
reference	OmyAC19ROGR_4248	Rogue	fall	4	1	1	1	3	3	4	4	4	4	3	3	1	1	2	2	1	1	1	3	3	3	3	3	3	3	4	2	1	1	1	2	2	4	3	3	1	1	1	1	NA	NA	1	1	1	1	1	1	3	1	1	1	2	2	1	2	3	1	1	1	2	2	4	4	1	1	3	3	3	1	1	3	1	4	3	1	NA	NA	4	4	2	4	1	1	1	1	3	1	4	1
reference	OmyAC19ROGR_4803	Rogue	fall	4	1	1	1	3	3	4	1	4	2	1	1	1	1	1	2	1	1	1	3	1	1	3	2	4	3	4	2	1	2	1	2	2	4	4	3	1	1	1	1	2	4	1	2	1	1	1	1	1	1	1	1	4	4	1	1	3	1	1	1	2	2	4	4	3	1	2	2	1	1	1	3	4	4	1	1	4	4	4	4	2	4	1	3	1	1	3	1	4	4
reference	OmyAC19ROGR_4913	Rogue	fall	4	1	1	3	3	3	4	4	4	2	3	3	1	1	2	2	3	3	1	1	3	1	3	3	4	4	4	4	1	1	2	2	2	4	4	3	1	1	2	2	4	4	1	1	1	2	1	1	3	1	1	1	4	4	1	2	3	3	1	1	NA	NA	4	4	1	1	3	2	1	1	1	3	4	4	3	1	4	4	4	4	NA	NA	NA	NA	1	3	3	3	4	4
reference	OmyAC19ROGR_5398	Rogue	fall	1	1	1	1	3	3	4	1	4	4	3	3	3	3	2	2	3	1	1	1	3	1	3	3	4	3	2	2	1	1	1	2	2	4	4	4	1	1	1	2	2	2	1	2	1	1	1	1	3	3	1	1	4	4	1	2	3	3	1	1	4	2	4	1	3	1	2	2	1	1	1	3	4	4	1	1	4	4	4	4	2	2	1	3	1	1	3	1	4	4
reference	OmyAC19ROGR_5454	Rogue	fall	1	1	1	1	3	3	4	4	4	4	1	3	1	1	2	2	3	1	1	1	3	3	3	3	4	3	2	2	1	2	1	2	2	4	4	4	1	1	1	2	2	4	1	1	1	1	1	1	3	1	1	1	4	4	1	2	1	1	1	1	2	2	4	4	1	1	2	2	1	1	3	3	4	4	3	3	4	3	4	4	2	4	1	3	1	1	3	3	4	1
reference	OmyAC19ROGR_5508	Rogue	fall	4	1	1	1	3	3	4	1	4	4	1	3	1	1	2	2	3	3	1	1	3	1	3	3	3	3	4	2	1	2	1	1	2	2	4	4	1	4	1	1	2	4	1	2	1	2	1	2	1	1	1	1	4	2	2	2	3	3	1	1	2	2	4	4	1	1	3	2	1	1	1	3	1	4	1	1	4	4	4	4	4	4	1	3	1	1	3	1	4	1
reference	OmyAC19ROGR_4153	Rogue	fall	4	1	1	1	4	3	4	1	4	4	3	3	3	3	1	2	3	1	3	3	3	3	3	3	4	4	4	2	1	2	1	1	4	4	4	3	1	1	1	1	2	4	1	2	1	1	1	1	1	1	1	1	4	4	1	1	3	1	1	1	2	2	4	4	3	1	3	2	1	1	1	3	4	4	3	1	4	4	4	4	2	2	1	1	1	1	3	1	4	1
reference	OmyAC19ROGR_4518	Rogue	fall	4	1	1	1	4	3	4	4	4	4	1	3	1	1	1	2	3	1	1	1	3	1	3	3	4	3	4	2	1	1	1	2	2	2	4	4	1	1	2	2	2	4	1	1	1	1	1	1	3	1	1	1	4	2	1	1	3	3	1	1	2	2	4	1	3	1	3	2	1	1	1	3	4	4	1	1	4	3	4	4	2	2	1	1	1	3	3	1	4	4
reference	OmyAC19ROGR_5055	Rogue	fall	1	1	1	1	4	3	1	1	4	4	1	3	1	1	1	2	1	1	1	1	3	3	3	3	3	3	4	2	1	1	1	2	2	2	4	3	1	4	1	1	2	2	1	2	1	1	1	1	1	1	1	1	4	2	1	2	3	1	1	1	2	2	4	4	3	1	3	3	1	1	3	3	4	4	1	1	4	4	4	4	4	4	1	1	1	1	3	3	4	4
reference	OmyAC19ROGR_5249	Rogue	fall	4	1	1	3	3	3	4	4	4	4	3	3	1	1	2	2	3	3	1	3	3	3	3	3	3	3	4	2	1	1	1	2	2	2	4	4	1	4	2	2	2	2	1	1	1	1	1	2	3	1	1	1	4	2	2	2	3	1	1	1	2	2	4	4	1	1	3	2	1	1	3	3	1	4	3	1	NA	NA	1	4	4	4	1	1	1	3	3	3	4	1
reference	OmyAC19ROGR_5399	Rogue	fall	4	1	1	1	4	3	4	1	4	4	3	3	1	1	1	2	3	3	1	3	3	3	3	2	4	4	4	2	1	1	1	2	2	2	4	4	1	1	1	1	NA	NA	1	2	1	1	1	2	1	1	1	1	4	4	1	2	3	1	1	1	2	2	4	4	1	1	3	2	1	1	1	1	4	4	3	1	4	4	4	4	2	4	1	1	1	1	3	3	4	1
reference	OmyAC19ROGR_5455	Rogue	fall	1	1	1	1	4	4	4	1	4	4	1	1	1	1	1	2	3	3	1	3	3	1	3	3	3	3	4	2	1	2	1	2	2	4	4	3	4	4	1	2	NA	NA	1	2	NA	NA	1	1	1	1	1	1	4	4	1	2	3	1	1	1	2	2	4	4	1	1	3	2	NA	NA	1	3	4	4	3	1	4	4	4	4	4	4	1	1	1	1	3	3	4	1
reference	OmyAC19ROGR_5602	Rogue	fall	1	1	3	3	3	3	4	4	4	4	3	3	1	1	2	2	3	1	1	1	3	3	3	3	3	3	4	2	1	1	2	2	2	2	4	4	1	1	1	1	2	2	1	1	1	1	1	1	1	1	1	1	4	4	2	2	3	3	1	1	2	2	4	1	1	1	3	3	1	1	1	1	4	4	1	1	4	4	1	4	2	2	1	1	1	3	3	3	1	1
reference	OmyAC19ROGR_5625	Rogue	fall	1	1	1	3	3	3	4	1	4	4	3	3	1	3	1	2	3	1	1	1	3	1	3	3	4	3	4	2	1	1	2	2	2	2	4	3	1	1	1	2	2	4	1	2	1	2	1	1	1	1	1	1	4	2	1	2	3	1	1	1	2	2	4	4	1	1	3	3	1	1	1	3	4	4	1	1	3	3	4	4	4	4	1	3	1	1	3	1	4	4
reference	OmyAC19ROGR_5720	Rogue	fall	4	1	1	1	4	3	4	1	4	4	3	3	3	3	1	2	3	3	1	1	3	1	3	3	3	3	4	2	1	2	1	2	2	4	4	3	1	1	1	2	2	4	1	1	1	1	1	1	3	1	1	1	4	4	1	2	3	1	1	1	2	2	4	4	3	1	2	2	3	1	1	1	4	4	1	1	4	3	4	4	2	4	1	3	1	3	3	1	4	1
reference	OmyAC19ROGR_5751	Rogue	fall	4	1	1	3	3	3	4	4	4	4	3	3	1	1	1	2	3	1	1	1	3	1	3	3	4	4	4	2	1	2	1	2	2	2	4	3	1	1	1	2	4	4	1	1	1	1	1	2	1	1	1	1	4	2	1	2	3	1	1	1	2	2	4	4	3	1	3	2	1	1	3	3	4	4	1	1	4	3	4	4	2	4	1	1	1	1	3	3	4	4
reference	OmyAC19ROGR_5836	Rogue	fall	4	1	1	1	3	3	4	1	4	4	1	3	1	1	1	2	3	1	1	1	3	3	3	3	4	3	4	2	1	1	2	2	2	2	4	3	1	1	1	1	2	4	1	1	1	1	1	1	1	1	1	1	4	4	2	2	3	1	1	1	2	2	4	4	3	3	3	2	1	1	1	1	4	4	3	1	4	4	4	4	2	4	1	3	1	3	3	1	4	1
reference	OmyAC19ROGR_5987	Rogue	fall	1	1	1	1	3	3	4	4	4	4	1	1	1	1	2	2	3	1	1	1	3	3	3	3	3	3	4	2	1	2	2	2	2	2	3	3	1	1	1	2	2	4	1	1	1	2	1	1	3	1	1	1	4	4	1	1	3	3	1	4	2	2	4	4	1	1	2	2	3	1	1	1	4	4	1	1	4	4	4	4	2	2	1	3	1	1	3	3	4	4
reference	OmyAC19ROGR_6039	Rogue	fall	1	1	1	1	4	4	4	4	4	4	1	1	1	3	1	1	3	3	1	1	1	1	3	3	3	3	2	2	1	1	1	2	2	4	4	3	1	1	1	1	2	4	1	2	1	1	2	2	1	1	1	1	4	2	1	1	3	3	1	1	2	2	4	4	1	1	2	2	1	1	3	3	4	4	3	1	4	4	4	4	2	2	1	1	1	1	3	3	4	4
reference	OmyAC19ROGR_5626	Rogue	fall	1	1	1	3	4	4	4	1	4	4	1	3	1	1	2	2	1	1	1	1	3	3	3	3	3	3	4	2	1	2	1	2	2	2	3	3	1	1	1	2	4	4	1	2	1	2	1	1	3	1	1	1	4	2	1	1	3	3	1	1	2	2	4	4	3	1	3	2	1	1	1	3	4	4	3	1	4	4	4	4	2	4	1	3	1	1	3	1	4	4
reference	OmyAC19ROGR_5753	Rogue	fall	1	1	1	1	4	3	4	4	4	4	3	3	1	1	1	2	3	1	1	3	3	3	3	3	4	3	4	2	1	1	1	1	2	2	4	3	1	4	2	2	2	4	1	1	1	2	1	1	1	1	1	1	4	4	2	2	3	3	1	1	2	2	4	4	3	1	3	2	1	1	1	1	1	4	3	1	4	4	4	4	4	4	1	1	1	1	3	3	4	4
reference	OmyAC19ROGR_5811	Rogue	fall	4	1	1	1	3	3	4	1	4	4	3	3	1	1	2	2	1	1	1	3	3	3	3	3	4	3	4	2	1	1	2	2	2	2	4	3	1	1	1	1	4	4	1	1	1	1	1	1	1	1	1	1	4	4	2	2	3	3	1	1	2	2	4	1	3	1	2	2	1	1	1	3	4	4	1	1	4	4	4	4	2	4	1	1	1	3	3	3	4	4
reference	OmyAC19ROGR_6072	Rogue	fall	4	1	1	1	3	3	4	1	4	4	1	3	1	1	1	2	3	1	1	1	3	1	3	2	4	4	4	2	1	2	1	1	2	2	4	4	1	1	1	1	2	4	1	1	1	1	1	2	3	1	1	1	4	2	1	2	3	3	1	1	2	2	4	4	3	3	2	2	1	1	1	3	4	4	1	1	4	3	4	4	2	4	1	1	1	3	3	3	4	4
reference	OmyAC19ROGR_5627	Rogue	fall	1	1	1	1	3	3	4	4	4	4	3	3	1	1	2	2	3	1	1	1	3	1	3	2	4	3	4	4	1	2	1	1	2	2	4	4	1	4	1	1	4	4	1	1	1	1	1	1	3	1	1	1	4	4	1	1	3	1	1	1	4	2	4	4	3	1	3	2	1	1	1	3	4	4	3	1	NA	NA	4	4	4	4	1	1	1	3	3	1	4	1
reference	OmyAC19ROGR_5812	Rogue	fall	1	1	1	1	4	3	4	4	4	2	1	3	1	1	2	2	1	1	1	3	1	1	3	2	4	3	2	2	1	2	1	2	2	2	4	3	1	4	1	2	4	4	1	2	1	1	1	1	3	1	1	1	2	2	1	2	3	3	1	1	4	2	4	4	3	3	3	2	1	1	1	3	1	4	1	1	4	4	4	4	2	4	1	1	1	1	3	3	4	4
reference	OmyAC19ROGR_5833	Rogue	fall	1	1	1	3	3	3	4	4	4	4	3	3	1	3	1	2	3	3	1	1	3	1	3	3	4	3	4	4	1	1	1	1	2	2	4	4	1	1	1	1	2	2	1	2	1	2	1	1	1	1	1	1	2	2	1	2	3	1	1	1	2	2	4	4	1	1	3	2	1	1	1	1	1	4	3	1	4	4	4	4	2	2	1	1	1	1	3	3	4	1
reference	OmyAC19ROGR_5996	Rogue	fall	1	1	1	1	4	3	4	1	4	4	1	3	1	3	2	2	3	1	1	1	3	3	3	2	4	3	4	4	1	1	1	2	2	4	4	3	1	4	1	2	4	4	1	2	1	1	1	1	1	1	1	1	4	4	1	2	3	1	1	1	4	2	4	4	1	1	3	2	1	1	1	3	4	4	1	1	4	4	4	4	2	2	1	1	1	3	3	3	4	1
reference	OmyAC19ROGR_6119	Rogue	fall	1	1	1	1	3	3	4	4	4	4	3	3	1	1	2	2	1	1	1	3	3	1	3	3	3	3	2	2	1	2	1	1	2	4	4	3	1	4	1	1	2	4	1	1	1	1	1	2	1	1	1	1	4	2	1	2	3	3	1	1	2	2	4	4	1	1	2	2	1	1	1	1	1	1	3	1	4	4	4	4	2	4	1	1	1	1	3	3	4	1
reference	OmyAC19ROGR_5628	Rogue	fall	4	1	1	1	3	3	4	4	4	4	1	3	1	1	2	2	3	1	1	1	3	3	3	3	3	3	4	2	1	2	1	2	2	2	4	4	1	1	1	1	4	4	1	1	1	1	1	2	3	1	1	1	4	2	1	1	3	1	1	1	2	2	4	4	1	1	3	2	3	1	1	3	1	4	1	1	4	3	4	4	2	4	1	3	1	1	3	3	4	4
reference	OmyAC19ROGR_5698	Rogue	fall	4	4	1	1	4	3	4	4	4	4	3	3	1	3	1	2	1	1	1	3	3	3	3	3	3	3	4	2	1	1	1	2	2	2	4	4	1	1	1	1	2	4	1	1	1	1	1	1	1	1	1	1	4	2	1	1	3	1	1	1	2	2	4	4	3	1	3	2	3	1	1	1	1	4	1	1	3	3	4	4	2	4	1	1	1	3	3	3	4	1
reference	OmyAC19ROGR_5723	Rogue	fall	4	1	1	1	4	3	1	1	4	4	1	3	1	1	1	2	1	1	1	3	3	1	3	3	3	3	4	2	1	1	1	2	2	2	4	4	1	1	2	2	4	4	1	2	1	2	1	1	1	1	1	1	4	4	1	1	3	3	1	1	2	2	4	4	1	1	3	3	3	1	3	3	4	4	1	1	4	3	4	4	4	4	1	3	1	1	3	1	4	4
reference	OmyAC19ROGR_5814	Rogue	fall	4	1	1	1	3	3	4	4	4	2	3	3	1	1	1	1	3	1	1	1	3	3	3	3	4	4	4	4	1	1	1	1	2	2	3	3	1	4	1	2	4	4	1	1	1	1	1	1	1	1	1	1	4	4	1	1	3	3	1	1	2	2	4	1	3	3	2	2	1	1	3	3	1	4	3	1	4	3	4	4	2	2	1	1	1	1	3	3	4	4
reference	OmyAC19ROGR_5834	Rogue	fall	1	1	1	3	3	3	1	1	4	2	1	1	1	1	2	2	3	1	1	1	3	1	3	3	3	3	2	2	1	1	1	1	2	2	3	3	1	1	1	1	4	4	1	1	1	1	1	2	3	1	1	1	4	2	1	2	3	3	1	1	2	2	4	1	3	1	3	3	1	1	1	3	4	4	1	1	NA	NA	4	4	2	4	1	3	1	3	3	3	4	1
reference	OmyAC19ROGR_5997	Rogue	fall	4	1	1	1	3	3	1	1	4	2	1	3	1	1	1	2	1	1	1	1	3	3	3	3	3	3	2	2	1	1	2	2	2	4	4	4	1	1	2	2	2	4	1	1	1	1	1	1	1	1	1	1	4	4	1	2	3	1	1	1	2	2	4	4	3	3	2	2	1	1	1	3	4	4	3	1	4	4	4	4	4	4	1	3	1	1	3	1	4	1
reference	OmyAC19ROGR_6125	Rogue	fall	4	1	1	1	3	3	4	1	4	4	3	3	1	3	1	2	3	1	1	1	3	3	3	3	4	3	2	2	1	1	2	2	2	4	3	3	1	4	1	2	4	4	1	2	1	1	1	1	1	1	1	1	4	4	1	1	3	1	1	1	2	2	4	4	1	1	3	2	1	1	1	1	1	4	1	1	NA	NA	4	4	2	4	1	1	1	1	3	1	4	1
reference	OmyAC19ROGR_5629	Rogue	fall	1	1	1	1	3	3	4	1	4	4	3	3	1	3	2	2	3	3	1	3	3	1	3	2	3	3	4	2	1	1	2	2	2	4	4	3	1	1	1	2	2	4	1	1	1	1	1	1	3	1	1	1	4	2	1	2	3	1	1	1	2	2	4	4	3	1	3	2	1	1	1	1	4	4	1	1	4	4	4	4	2	4	1	1	3	3	3	3	4	4
reference	OmyAC19ROGR_5816	Rogue	fall	4	1	1	1	3	3	4	1	4	4	1	1	3	3	1	2	1	1	1	3	3	3	3	3	4	4	4	2	1	1	1	1	2	2	4	4	1	4	1	2	2	4	1	1	1	1	1	1	3	1	1	1	4	2	1	2	3	3	1	1	2	2	4	1	3	3	3	2	1	1	1	3	1	4	1	1	4	4	4	4	2	2	1	1	1	3	3	3	4	4
reference	OmyAC19ROGR_6016	Rogue	fall	4	1	1	1	3	3	4	4	4	4	1	1	1	1	2	2	3	1	1	1	3	1	3	2	3	3	2	2	1	2	1	1	2	2	4	4	1	1	1	1	2	2	1	1	1	1	1	2	1	1	1	1	4	4	2	2	3	1	1	1	2	2	4	4	1	1	2	2	1	1	1	1	4	4	1	1	4	4	4	4	2	4	1	3	1	3	3	3	4	4
reference	OmyAC19ROGR_6128	Rogue	fall	4	1	1	1	3	3	4	4	4	2	3	3	1	3	2	2	1	1	1	1	3	3	3	3	3	3	4	4	1	2	1	2	2	2	4	3	1	4	1	2	2	2	1	1	1	2	1	1	1	1	1	1	4	2	2	2	3	3	1	1	2	2	4	4	3	1	3	2	1	1	1	3	1	4	1	1	NA	NA	4	4	4	4	1	1	1	1	3	3	4	4
reference	OmyAC19ROGR_5470	Rogue	fall	1	1	3	3	3	3	4	4	4	4	1	3	1	3	2	2	3	1	3	3	1	1	3	2	3	3	4	4	1	1	1	1	2	2	4	3	1	1	1	2	2	4	1	1	1	1	1	1	3	1	1	1	4	4	1	1	3	3	1	1	2	2	4	4	3	1	2	2	1	1	3	3	1	4	1	1	4	4	4	4	2	4	1	3	1	3	3	3	4	4
reference	OmyAC19ROGR_5711	Rogue	fall	4	1	1	3	3	3	4	4	4	4	3	3	1	1	2	2	1	1	1	3	3	1	3	3	4	3	4	2	1	1	1	1	2	2	4	3	1	4	1	2	2	4	1	2	1	1	1	1	1	1	1	1	4	4	1	2	3	3	1	1	2	2	4	4	3	1	2	2	1	1	3	3	4	4	1	1	4	3	4	4	2	2	1	1	1	1	3	3	4	4
reference	OmyAC19ROGR_5817	Rogue	fall	1	1	1	1	4	3	4	4	4	2	3	3	1	3	2	2	1	1	1	1	3	1	3	3	3	3	4	2	1	2	1	1	2	2	4	4	1	1	1	2	4	4	1	1	1	1	1	1	3	1	1	1	4	4	1	1	3	1	1	1	2	2	4	4	1	1	3	2	1	1	1	3	1	4	1	1	4	3	4	4	2	4	1	1	1	1	3	3	4	4
reference	OmyAC19ROGR_5913	Rogue	fall	1	1	1	1	3	3	4	4	4	4	3	3	1	1	1	2	1	1	1	1	3	1	3	2	3	3	4	2	1	1	1	2	2	2	4	4	1	1	1	2	2	2	1	1	1	1	1	1	1	1	1	1	4	2	1	2	3	3	1	1	2	2	4	1	1	1	3	2	1	1	3	3	4	4	1	1	4	4	4	4	2	4	1	1	1	1	3	3	4	4
reference	OmyAC19ROGR_6140	Rogue	fall	4	1	1	1	4	3	4	1	4	4	1	3	1	1	1	1	1	1	1	1	3	1	3	3	4	4	4	4	1	1	1	1	2	2	4	3	1	1	1	1	2	2	1	1	1	1	1	1	3	1	1	1	4	2	1	2	1	1	1	4	2	2	4	4	1	1	3	2	1	1	3	3	4	4	1	1	4	4	1	4	2	2	1	1	1	1	3	3	4	1
reference	OmyAC19ROGR_5712	Rogue	fall	4	1	1	1	4	4	4	1	4	2	3	3	1	1	2	2	3	1	1	1	3	3	3	3	3	3	4	2	1	1	1	1	2	2	4	4	1	1	2	2	4	4	1	1	1	1	1	1	1	1	1	1	4	2	1	1	1	1	1	1	4	4	4	4	1	1	2	2	1	1	1	3	1	4	3	1	4	4	4	4	2	4	1	3	1	1	3	1	4	4
reference	OmyAC19ROGR_5742	Rogue	fall	1	1	1	1	3	3	4	4	4	4	3	3	1	1	2	2	1	1	1	1	3	3	3	3	4	3	4	2	1	1	2	2	2	2	4	4	1	1	1	1	2	4	1	1	1	2	1	1	3	1	1	1	4	2	1	2	3	1	4	4	2	2	4	4	1	1	2	2	1	1	1	3	4	4	3	3	4	4	4	4	4	4	1	1	1	3	3	3	4	4
reference	OmyAC19ROGR_5938	Rogue	fall	4	1	1	3	3	3	4	1	4	4	3	3	1	1	2	2	1	1	3	3	3	3	3	3	4	3	2	2	1	2	1	1	2	4	4	3	1	1	1	2	2	4	1	2	1	1	1	2	3	1	1	1	4	4	2	2	3	3	1	1	2	2	4	1	1	1	3	2	1	1	3	3	4	4	1	1	4	4	4	4	4	4	1	3	1	3	3	3	4	4
reference	OmyAC19ROGR_6024	Rogue	fall	4	1	1	1	3	3	4	1	4	2	3	3	1	1	1	2	3	3	1	1	3	1	3	3	4	4	4	2	1	1	1	1	2	2	4	4	1	1	1	2	2	4	1	2	1	1	1	1	1	1	1	1	4	4	1	2	3	3	1	1	2	2	4	4	1	1	2	2	1	1	1	1	4	4	1	1	4	4	4	4	2	2	1	1	1	1	3	3	4	1
reference	OmyAC19ROGR_6155	Rogue	fall	1	1	1	3	4	3	4	4	4	4	3	3	1	3	1	2	1	1	1	1	3	3	3	3	4	3	4	4	1	1	1	2	2	2	4	4	1	1	1	1	2	4	1	1	1	1	1	2	1	1	1	1	4	4	2	2	1	1	1	1	2	2	4	4	3	1	2	2	1	1	1	3	4	4	1	1	4	4	4	4	4	4	1	3	1	3	3	3	4	4
reference	OmyAC19ROGR_5666	Rogue	fall	4	1	1	1	4	3	4	1	4	2	3	3	1	3	2	2	3	1	1	1	3	3	3	3	3	3	2	2	1	1	1	2	2	2	4	4	1	1	1	2	2	4	1	1	1	1	1	1	3	3	1	1	4	4	1	2	3	1	1	4	2	2	4	1	3	1	3	2	1	1	1	3	4	4	1	1	4	4	4	4	4	4	1	1	1	1	3	3	4	1
reference	OmyAC19ROGR_5819	Rogue	fall	4	1	1	1	3	3	4	1	4	4	3	3	1	3	2	2	3	3	1	1	1	1	3	3	3	3	2	2	1	1	1	2	2	2	4	4	1	1	1	2	2	2	1	1	1	1	1	1	1	1	1	1	4	2	1	1	3	3	1	1	2	2	4	4	1	1	3	3	1	1	1	3	4	4	3	1	4	4	4	4	2	2	1	1	1	1	3	3	4	4
reference	OmyAC19ROGR_5842	Rogue	fall	4	1	1	1	3	3	4	1	4	4	3	3	1	3	1	2	1	1	1	1	3	3	3	2	3	3	4	2	1	2	1	2	2	2	4	3	1	1	1	2	2	4	1	1	1	1	1	2	3	1	1	1	4	2	1	2	3	1	1	4	2	2	4	4	1	1	2	2	1	1	1	3	4	4	3	1	NA	NA	4	4	4	4	1	1	1	1	3	1	4	1
reference	OmyAC19ROGR_5961	Rogue	fall	1	1	1	3	3	3	4	1	4	4	3	3	3	3	1	2	1	1	1	1	3	1	3	2	4	3	4	2	1	1	1	2	2	2	4	3	1	4	1	2	2	2	1	2	1	1	1	1	3	1	1	1	4	4	1	2	3	1	1	1	4	2	4	4	1	1	2	2	1	1	1	1	4	4	3	1	4	4	4	4	4	4	1	3	1	1	3	3	4	4
reference	OmyAC19ROGR_0053	Rogue	fall	1	1	3	3	3	3	4	1	4	2	1	3	1	1	1	2	3	1	1	3	3	1	3	2	3	3	4	2	1	2	1	2	2	2	4	3	1	1	1	1	4	4	1	2	1	1	2	2	1	1	1	1	4	4	1	1	3	3	1	1	2	2	4	4	1	1	2	2	1	1	3	3	1	4	1	1	4	4	4	4	2	2	1	1	1	1	3	1	4	4
reference	OmyAC19ROGR_5810	Rogue	fall	4	1	3	3	3	3	4	1	4	4	1	3	1	3	2	2	3	1	1	1	3	1	3	3	4	3	4	4	1	2	1	1	2	2	4	4	1	1	1	2	2	2	1	1	1	1	1	2	3	1	1	1	4	2	2	2	3	1	1	1	2	2	4	4	1	1	3	3	1	1	1	3	4	4	1	1	4	4	4	4	2	4	1	1	1	3	3	3	4	1
reference	OmyAC20ROGR_6249	Rogue	fall	4	1	1	3	4	4	4	1	4	4	1	3	1	1	1	2	3	1	1	1	3	3	3	3	4	3	2	2	1	1	1	2	2	2	4	4	1	1	1	1	2	2	1	1	1	1	1	2	3	1	1	1	4	2	1	1	3	1	1	1	2	2	4	4	3	1	3	2	1	1	1	3	1	4	1	1	4	4	4	4	2	4	1	1	1	1	3	3	4	4
reference	OmyAC20ROGR_6260	Rogue	fall	4	4	1	1	3	3	4	1	4	2	1	3	1	1	2	2	3	1	1	1	3	3	3	3	3	3	4	2	1	1	2	2	2	2	4	3	1	1	1	1	2	4	1	1	1	1	1	1	1	1	1	1	4	4	2	2	3	1	4	4	2	2	4	4	3	1	3	2	1	1	3	3	1	4	3	1	4	4	4	4	2	2	1	3	1	3	3	3	4	1
reference	OmyAC20ROGR_6327	Rogue	fall	4	4	1	1	3	3	4	4	4	4	3	3	1	3	1	1	3	1	1	1	3	3	2	2	4	4	4	4	1	2	1	2	2	2	4	4	1	1	1	1	2	4	1	2	1	1	1	2	1	1	1	1	4	4	1	2	3	1	1	1	2	2	4	4	3	1	3	2	1	1	3	3	4	4	3	1	4	4	4	4	2	4	1	1	1	1	3	3	4	4
reference	OmyAC20ROGR_6340	Rogue	fall	4	1	1	3	3	3	4	4	4	4	3	3	3	3	1	2	3	1	1	1	1	1	3	3	3	3	4	4	1	1	1	1	2	2	4	4	1	4	1	1	2	4	1	1	1	2	1	1	3	1	1	1	2	2	1	1	3	3	1	1	2	2	4	4	1	1	3	2	3	1	3	3	4	4	1	1	4	4	4	4	4	4	1	3	1	3	3	3	4	4
reference	OmyAC20ROGR_6373	Rogue	fall	4	4	1	1	4	3	4	1	4	4	1	3	1	1	2	2	1	1	1	3	3	1	3	3	4	4	2	2	1	2	1	2	2	2	4	3	1	1	1	1	2	4	1	2	1	1	1	1	1	1	1	1	4	4	1	1	3	3	1	4	2	2	4	4	1	1	3	2	1	1	3	3	4	4	3	1	4	4	4	4	2	2	3	3	1	1	1	1	4	4
reference	OmyAC20ROGR_6374	Rogue	fall	4	1	1	1	4	3	4	4	4	4	3	3	1	3	1	1	3	3	1	1	3	3	3	3	3	3	4	2	1	1	1	2	2	4	4	3	1	1	1	1	2	2	1	1	1	1	1	1	3	1	1	1	4	4	1	1	3	1	1	1	4	2	4	4	1	1	3	2	3	1	3	3	4	4	3	1	4	3	4	4	2	4	1	1	1	3	3	3	1	1
reference	OmyAC20ROGR_6420	Rogue	fall	4	4	1	3	3	3	4	1	4	4	1	1	1	1	1	1	3	1	1	1	3	1	3	2	3	3	4	2	1	1	2	2	2	2	4	4	1	1	1	2	2	4	1	1	1	2	1	1	1	1	1	1	4	2	1	1	3	1	1	1	4	2	4	4	3	1	2	2	1	1	1	3	4	4	1	1	4	4	4	4	2	4	1	3	1	3	3	3	4	4
reference	OmyAC20ROGR_6469	Rogue	fall	4	4	1	1	3	3	4	4	4	4	3	3	1	1	1	2	1	1	1	1	3	1	3	3	3	3	4	2	1	1	1	2	2	2	4	3	1	4	2	2	4	4	1	1	1	1	1	2	1	1	1	1	4	2	1	1	3	3	1	1	2	2	4	1	1	1	3	2	1	1	1	3	4	4	1	1	4	4	4	4	2	2	1	3	1	1	3	3	4	1
reference	OmyAC20ROGR_6472	Rogue	fall	1	1	1	1	3	3	4	4	4	2	1	3	1	1	2	2	1	1	1	3	3	3	3	3	4	3	4	2	1	1	1	2	2	4	3	3	1	1	1	2	2	4	2	2	1	1	1	1	3	1	1	1	4	2	1	1	3	3	1	4	4	2	4	4	3	1	3	2	1	1	3	3	4	4	1	1	4	4	4	4	4	4	1	1	1	1	3	3	4	4
reference	OmyAC20ROGR_6542	Rogue	fall	1	1	1	1	3	3	4	1	4	4	3	3	1	1	1	2	3	1	1	1	3	3	3	3	4	3	2	2	1	2	1	2	2	4	4	4	1	1	1	2	2	4	1	2	1	2	1	1	1	1	1	1	4	4	1	1	3	1	1	1	2	2	4	4	3	1	3	2	1	1	1	1	4	4	1	1	3	3	4	4	2	2	1	3	1	1	3	3	4	4
reference	OmyAC20ROGR_6577	Rogue	fall	4	1	1	3	3	3	4	4	4	2	3	3	1	3	1	2	3	1	1	1	3	3	3	2	4	3	4	4	1	1	1	2	2	2	4	4	1	1	1	1	2	2	1	1	1	1	1	1	1	1	1	1	4	4	1	1	3	3	1	1	2	2	4	4	1	1	2	2	1	1	1	3	4	4	1	1	4	3	4	4	2	4	1	1	3	3	3	3	4	1
reference	OmyAC20ROGR_6626	Rogue	fall	4	1	1	1	3	3	4	4	2	2	1	3	1	1	1	2	1	1	1	3	1	1	3	2	4	3	4	2	1	1	1	2	2	2	4	4	1	4	1	2	2	2	1	1	1	1	1	1	3	1	1	1	4	4	1	2	3	1	1	1	2	2	4	4	3	1	3	2	1	1	1	1	4	4	1	1	4	4	4	4	2	2	1	1	1	1	3	3	1	1
reference	OmyAC20ROGR_6653	Rogue	fall	1	1	1	1	4	3	1	1	4	2	3	3	1	1	1	2	3	3	1	1	3	3	3	2	4	3	2	2	1	1	2	2	2	4	4	4	1	1	1	2	2	4	1	2	1	1	1	2	1	1	1	1	4	2	2	2	3	1	1	1	4	2	4	4	1	1	2	2	1	1	3	3	4	4	3	1	3	3	4	4	2	2	1	3	1	1	3	3	4	4
reference	OmyAC20ROGR_6742	Rogue	fall	1	1	1	3	3	3	4	1	4	4	3	3	1	3	1	2	1	1	1	1	3	1	3	2	4	3	4	4	2	2	1	1	2	2	4	3	1	1	1	1	2	4	1	1	1	2	1	1	3	1	1	1	4	4	1	1	3	1	1	1	2	2	4	4	1	1	2	2	1	1	1	1	4	4	1	1	4	4	4	4	4	4	1	3	1	1	3	3	4	1
reference	OmyAC20ROGR_6772	Rogue	fall	1	1	1	3	3	3	4	4	4	2	1	3	3	3	1	2	3	1	1	3	3	1	3	3	4	3	4	2	1	1	2	2	2	2	4	4	1	1	1	1	2	2	1	1	1	1	1	1	3	1	1	1	4	2	1	1	3	3	1	1	2	2	4	4	3	1	2	2	1	1	1	1	1	4	1	1	4	4	4	4	4	4	1	1	1	1	3	1	4	4
reference	OmyAC20ROGR_6791	Rogue	fall	4	1	1	3	3	3	4	1	4	2	1	3	1	1	1	1	1	1	1	1	3	1	3	3	4	4	4	2	1	1	1	1	2	2	4	3	1	4	1	1	2	2	1	1	1	1	1	1	3	1	1	1	4	2	1	2	3	1	1	1	2	2	4	1	3	1	2	2	1	1	3	3	4	4	1	1	3	3	4	4	2	4	1	3	1	1	3	3	4	4
reference	OmyAC20ROGR_6792	Rogue	fall	4	1	1	3	3	3	4	4	4	4	3	3	1	3	2	2	3	1	1	3	3	1	3	3	4	3	4	4	1	2	2	2	2	2	3	3	1	1	2	2	2	4	1	1	1	1	1	1	1	1	1	1	2	2	1	2	1	1	1	1	4	2	4	4	1	1	2	2	1	1	1	3	4	4	1	1	4	3	4	4	4	4	1	1	1	3	3	3	4	4
reference	OmyAC20ROGR_6817	Rogue	fall	1	1	1	3	3	3	4	1	4	4	3	3	1	3	2	2	1	1	1	3	3	3	3	2	4	3	4	4	1	1	1	2	2	2	4	3	1	1	1	1	2	4	1	1	1	2	1	1	1	1	1	1	4	2	1	2	3	1	1	1	2	2	4	4	3	1	3	2	1	1	1	3	4	4	1	1	4	4	4	4	4	4	1	1	1	1	3	3	4	1
reference	OmyAC20ROGR_7137	Rogue	fall	1	1	1	1	3	3	4	4	4	2	3	3	1	1	1	1	3	1	1	1	3	3	3	3	3	3	4	4	1	1	1	2	2	2	4	3	1	1	1	1	2	4	1	1	1	1	1	2	1	1	1	1	4	4	1	1	3	1	1	1	2	2	4	4	1	1	3	2	1	1	3	3	4	4	1	1	4	4	4	4	2	4	1	3	1	1	3	3	4	4
reference	OmyAC20ROGR_7295	Rogue	fall	4	1	NA	NA	3	3	4	4	4	4	3	3	3	3	2	2	3	3	1	1	3	3	3	3	3	3	4	2	1	2	1	1	2	2	4	3	1	1	1	1	2	2	1	1	1	1	1	1	1	1	1	1	4	4	1	1	3	1	1	1	2	2	4	4	1	1	3	3	1	1	3	3	1	4	1	1	4	4	4	4	2	4	1	3	1	3	3	1	4	1
reference	OmyAC20ROGR_7297	Rogue	fall	1	1	1	1	3	3	4	1	4	4	3	3	1	3	1	2	1	1	1	1	3	3	3	3	4	3	4	2	1	1	2	2	2	2	4	3	1	1	1	1	2	2	1	1	1	2	1	2	1	1	1	1	4	2	1	2	3	1	1	1	2	2	4	1	1	1	3	2	1	1	3	3	4	4	3	1	4	3	4	4	4	4	1	3	1	1	3	3	4	1
reference	OmyAC20ROGR_7299	Rogue	fall	4	1	1	1	3	3	4	4	4	2	3	3	1	3	1	2	3	1	1	3	3	3	3	3	4	3	4	2	1	1	2	2	2	2	4	3	1	1	1	1	2	2	1	2	2	2	1	2	3	1	1	1	4	2	1	1	1	1	1	4	4	2	4	4	1	1	2	2	1	1	1	1	1	4	3	1	3	3	4	4	2	2	1	1	1	1	3	1	4	4
reference	OmyAC20ROGR_7332	Rogue	fall	4	4	1	1	3	3	4	4	4	4	1	3	1	1	2	2	3	1	1	1	3	1	3	3	4	3	4	4	1	2	1	2	2	2	4	3	1	4	1	2	4	4	1	1	1	1	1	1	3	3	1	1	4	2	1	2	3	1	1	1	2	2	4	4	1	1	2	2	1	1	1	3	4	4	1	1	NA	NA	4	4	2	2	1	1	1	1	3	3	4	4
reference	OmyAC20ROGR_7432	Rogue	fall	4	1	1	1	3	3	4	4	4	4	3	3	1	1	1	1	1	1	1	1	3	3	3	3	4	3	4	2	1	1	1	1	2	2	4	4	1	1	1	1	2	2	1	2	1	1	1	1	1	1	1	1	4	4	1	2	3	3	1	4	2	2	4	4	3	3	3	2	1	1	1	3	4	4	1	1	4	4	4	4	2	2	1	1	1	3	3	1	4	4
reference	OmyAC20ROGR_7509	Rogue	fall	1	1	1	1	4	3	4	1	4	2	3	3	1	3	2	2	3	1	1	1	1	1	3	2	3	3	2	2	1	1	1	1	2	4	4	3	1	1	1	2	2	2	2	2	1	1	1	1	3	1	1	1	4	2	2	2	3	1	1	1	2	2	4	4	3	3	3	2	1	1	1	3	1	4	1	1	3	3	4	4	4	4	1	3	1	3	3	3	4	4
reference	OmyAC20ROGR_7594	Rogue	fall	4	1	1	1	3	3	4	1	4	4	3	3	1	3	1	1	3	1	1	1	3	3	3	3	3	3	4	4	1	2	1	1	2	2	4	3	1	1	1	1	4	4	1	1	1	2	1	2	3	1	1	1	4	4	1	1	1	1	1	1	2	2	4	4	3	1	2	2	1	1	1	3	4	4	1	1	4	4	4	4	2	2	1	3	1	1	3	3	4	1
reference	OmyAC20ROGR_7699	Rogue	fall	4	1	1	1	3	3	4	4	4	4	3	3	1	3	1	2	3	1	1	1	3	1	3	3	4	3	4	2	1	2	1	2	2	4	3	3	1	4	1	2	2	2	1	1	1	1	1	1	3	1	1	1	4	4	1	1	3	3	1	1	2	2	4	4	1	1	3	2	1	1	1	3	4	4	1	1	4	4	4	4	2	4	1	3	1	1	3	3	4	4
reference	OmyAC20ROGR_7726	Rogue	fall	4	1	1	1	4	3	4	4	4	4	1	3	1	3	2	2	3	1	1	1	3	1	3	3	3	3	4	4	1	2	1	2	2	2	4	4	1	1	1	2	4	4	1	1	1	1	1	2	3	1	1	1	4	2	1	2	3	3	1	1	4	2	4	4	1	1	3	2	1	1	3	3	4	4	1	1	4	4	1	4	2	4	1	1	1	1	3	1	4	4
reference	OmyAC20ROGR_7736	Rogue	fall	1	1	1	1	3	3	4	4	4	4	3	3	1	1	1	2	1	1	3	3	3	3	3	2	4	3	4	4	1	2	1	1	2	2	4	3	1	4	1	1	2	4	1	1	1	1	1	2	3	1	1	1	4	2	1	1	1	1	1	1	2	2	4	1	3	1	2	2	1	1	1	3	4	4	3	3	4	3	4	4	2	4	1	3	1	1	3	1	4	4
reference	OmyAC20ROGR_7771	Rogue	fall	1	1	1	3	4	3	4	4	4	4	3	3	1	1	2	2	1	1	1	3	3	3	3	3	4	3	4	4	1	2	1	2	2	2	4	4	1	1	1	2	4	4	1	1	1	1	1	1	1	1	4	1	4	2	1	1	3	1	1	1	2	2	4	4	1	1	2	2	1	1	1	1	1	4	1	1	4	3	4	4	2	2	1	1	1	3	3	1	4	1
reference	OmyAC20ROGR_7774	Rogue	fall	4	1	1	1	3	3	4	4	4	4	3	3	1	1	2	2	3	1	1	1	3	1	3	3	3	3	4	4	1	1	1	1	2	2	4	3	1	4	1	1	4	4	1	2	1	1	1	1	1	1	1	1	4	4	1	1	3	3	1	1	2	2	4	4	1	1	3	2	1	1	1	1	4	4	1	1	4	3	1	4	2	2	1	1	1	3	3	3	4	4
reference	OmyAC20ROGR_7834	Rogue	fall	4	1	1	3	4	3	1	1	4	4	3	3	1	1	1	1	3	1	1	3	3	3	3	3	4	3	4	2	1	1	1	2	2	4	4	4	1	1	1	1	2	2	1	2	1	1	1	1	3	1	1	1	4	2	1	1	1	1	1	1	2	2	4	4	3	1	3	2	1	1	1	3	1	4	3	1	3	3	4	4	2	4	1	1	1	3	3	3	4	4
reference	OmyAC20ROGR_7836	Rogue	fall	1	1	1	1	3	3	4	4	4	2	3	3	1	1	1	2	3	1	1	1	3	1	3	3	4	3	2	2	1	1	1	2	2	2	4	4	1	1	1	2	2	2	1	2	1	1	1	1	3	1	1	1	2	2	1	1	1	1	1	1	2	2	4	1	3	1	3	3	1	1	3	3	4	4	1	1	4	4	4	4	2	2	1	1	1	1	1	1	4	4
reference	OmyAC20ROGR_7875	Rogue	fall	4	1	1	1	3	3	4	4	4	2	1	3	1	1	2	2	3	1	1	1	3	1	3	3	3	3	4	4	1	1	1	2	2	2	4	4	1	1	1	1	2	2	1	2	1	2	1	2	1	1	1	1	4	2	1	1	3	3	1	4	2	2	4	4	1	1	3	2	1	1	1	3	4	4	1	1	4	4	4	4	2	4	1	1	1	1	3	3	4	1
reference	OmyAC20ROGR_8051	Rogue	fall	1	1	1	3	3	3	4	4	4	4	1	3	1	3	1	2	3	3	1	1	3	1	3	3	3	3	2	2	1	1	1	2	2	2	4	3	1	4	1	2	2	2	1	1	1	1	1	1	3	1	1	1	4	4	1	2	3	1	1	1	2	2	4	1	1	1	3	2	1	1	1	3	4	4	1	1	4	4	4	4	2	2	1	1	1	1	3	3	4	4
reference	OmyAC20ROGR_8090	Rogue	fall	4	1	1	1	4	3	4	1	4	4	3	3	1	1	1	2	3	1	1	3	3	3	3	3	4	3	4	4	1	1	1	2	2	2	3	3	1	4	1	2	4	4	1	2	1	2	1	1	1	1	1	1	4	2	1	1	3	3	1	4	2	2	4	4	1	1	3	2	1	1	1	3	4	4	1	1	4	4	1	4	2	2	1	1	1	3	3	3	1	1
reference	OmyAC20ROGR_8100	Rogue	fall	1	1	1	3	3	3	4	1	4	4	1	3	1	3	2	2	3	3	1	1	3	3	3	3	3	3	4	2	1	1	1	2	2	2	4	3	1	4	1	2	2	4	1	1	1	2	2	2	3	1	1	1	4	4	1	2	1	1	1	1	2	2	4	4	3	3	3	2	1	1	1	3	4	4	1	1	4	4	4	4	2	2	1	3	1	1	3	3	4	1
reference	OmyAC20ROGR_8120	Rogue	fall	1	1	1	1	3	3	4	4	4	4	1	3	1	3	1	2	1	1	1	1	3	3	3	3	3	3	2	2	1	2	1	2	2	2	4	3	1	1	1	1	2	4	1	1	1	2	1	1	3	1	1	1	4	4	1	2	1	1	1	1	2	2	4	4	1	1	2	2	1	1	1	1	4	4	3	1	4	4	4	4	2	4	1	3	1	3	3	3	4	1
reference	OmyAC20ROGR_8126	Rogue	fall	4	1	1	1	3	3	1	1	4	4	3	3	1	3	1	1	1	1	1	1	3	3	3	2	4	3	4	4	1	1	2	2	2	4	4	3	1	4	2	2	2	2	1	2	1	1	1	1	1	1	1	1	4	4	1	2	3	3	1	1	2	2	4	4	3	1	2	2	1	1	1	3	1	4	1	1	4	4	4	4	2	2	1	1	1	1	1	1	1	1
reference	OmyAC20ROGR_8174	Rogue	fall	1	1	1	1	4	3	4	1	2	2	3	3	1	3	2	2	3	1	1	1	3	1	3	3	4	4	4	2	1	1	1	1	2	2	4	3	1	4	1	2	2	4	2	2	1	1	1	1	3	3	1	1	4	4	1	2	3	1	1	1	2	2	4	4	3	1	2	2	1	1	1	1	1	4	3	3	4	4	1	4	2	2	1	1	1	1	3	1	4	1
reference	OmyAC20ROGR_8211	Rogue	fall	1	1	1	1	3	3	4	4	4	4	1	1	1	1	1	2	1	1	1	3	3	3	3	3	4	3	4	2	1	1	1	2	2	2	4	4	1	1	1	2	2	4	1	1	1	1	1	2	3	1	1	1	4	2	1	1	3	1	1	1	2	2	4	4	1	1	3	3	1	1	3	3	4	4	1	1	4	4	4	4	2	4	1	1	1	3	3	3	4	1
reference	OmyAC20ROGR_8246	Rogue	fall	4	1	1	1	3	3	4	1	4	2	3	3	1	1	1	2	3	1	1	3	3	3	3	3	3	3	4	2	1	2	2	2	2	4	4	4	1	1	1	2	2	4	1	1	1	1	1	1	1	1	1	1	4	4	1	2	3	1	1	1	2	2	4	1	3	1	2	2	1	1	1	3	4	4	1	1	4	3	4	4	2	2	3	3	1	3	1	1	4	4
reference	OmyAC20ROGR_8313	Rogue	fall	1	1	1	1	3	3	4	1	4	4	1	3	1	1	2	2	1	1	1	1	3	1	3	3	4	3	4	2	1	2	1	2	2	4	4	4	1	4	1	1	2	4	1	2	1	1	1	1	3	3	1	1	4	4	1	1	3	1	1	1	4	2	4	1	3	1	2	2	1	1	1	3	1	4	1	1	4	3	4	4	2	2	1	1	1	3	3	3	4	4
reference	OmyAC20ROGR_8314	Rogue	fall	4	1	1	1	3	3	4	4	4	4	1	3	1	1	1	2	1	1	1	1	3	1	3	3	4	4	4	2	1	2	1	2	2	2	3	3	1	4	1	2	2	4	1	1	1	1	1	1	1	1	1	1	4	2	1	2	3	1	1	1	2	2	4	4	3	1	3	2	1	1	1	3	1	4	3	1	4	4	4	4	4	4	1	1	1	1	3	3	4	1
reference	OmyAC20ROGR_8333	Rogue	fall	4	1	1	1	4	4	4	1	4	4	1	1	1	1	2	2	1	1	1	3	3	3	3	3	4	4	4	2	1	2	2	2	2	4	4	4	1	1	1	1	2	2	1	1	1	1	1	2	1	1	1	1	4	4	1	2	3	1	1	1	2	2	4	4	1	1	3	3	1	1	1	3	1	4	3	1	4	4	4	4	2	2	1	1	1	3	3	1	4	1
reference	OmyAC20ROGR_8363	Rogue	fall	4	1	1	3	3	3	4	1	4	4	1	3	1	1	2	2	1	1	1	1	3	3	3	3	3	3	4	2	1	1	1	1	2	2	4	4	1	4	1	1	2	4	1	1	1	1	1	1	1	1	4	1	2	2	1	1	3	1	4	4	4	2	4	4	1	1	3	2	1	1	1	3	4	4	1	1	4	4	4	4	2	4	1	1	1	3	3	3	4	1
reference	OmyAC20ROGR_8364	Rogue	fall	4	1	1	1	4	4	4	4	4	4	1	3	1	1	1	2	3	1	3	3	3	1	3	3	3	3	4	4	1	1	1	2	2	2	4	4	1	1	1	2	2	4	1	1	1	1	1	2	1	1	1	1	4	4	2	2	3	1	1	1	2	2	4	1	3	3	2	2	1	1	3	3	4	4	1	1	4	3	4	4	4	4	1	1	1	1	3	1	4	4
reference	OmyAC20ROGR_8365	Rogue	fall	4	1	1	1	3	3	4	4	4	2	3	3	1	3	1	2	3	1	1	3	3	1	3	2	4	3	4	2	1	2	2	2	2	2	4	3	1	1	1	2	4	4	1	1	1	1	1	1	3	1	1	1	4	4	1	2	3	1	1	1	2	2	4	4	3	1	3	2	1	1	1	3	4	4	1	1	4	3	4	4	2	2	1	1	1	1	3	3	4	4
reference	OmyAC20ROGR_8413	Rogue	fall	4	1	1	3	4	4	4	1	4	2	3	3	1	3	1	2	1	1	1	1	3	1	3	3	4	3	4	2	1	1	1	2	2	2	3	3	1	1	1	2	2	4	1	1	1	1	1	2	3	3	1	1	4	4	1	1	3	3	1	1	2	2	4	4	1	1	3	2	1	1	3	3	1	4	3	1	NA	NA	4	4	2	2	1	1	1	3	3	3	NA	NA
reference	OmyAC20ROGR_8489	Rogue	fall	1	1	3	3	3	3	4	4	4	4	3	3	1	3	2	2	1	1	1	3	3	3	3	3	3	3	2	2	1	2	1	1	2	4	4	4	1	4	2	2	2	4	1	1	1	1	1	1	1	1	1	1	2	2	1	1	3	1	1	1	2	2	4	1	3	3	3	2	1	1	3	3	4	4	1	1	4	4	4	4	4	4	1	1	1	3	3	1	4	4
reference	OmyAC20ROGR_8492	Rogue	fall	1	1	1	1	4	3	4	4	4	4	3	3	1	3	1	2	3	1	1	1	3	3	3	3	4	3	4	2	1	2	1	2	2	2	4	4	1	4	2	2	2	4	1	1	1	1	1	2	1	1	1	1	4	4	1	1	3	3	1	1	2	2	4	4	3	1	2	2	1	1	3	3	4	4	1	1	4	3	4	4	2	4	3	3	1	1	3	3	4	4
reference	OmyAC20ROGR_8550	Rogue	fall	1	1	1	1	3	3	4	4	4	2	3	3	1	1	1	2	1	1	1	1	3	3	3	3	4	4	4	2	1	1	1	2	2	2	4	3	1	1	1	2	4	4	2	2	1	1	1	1	1	1	1	1	2	2	1	1	3	3	1	1	2	2	4	4	3	1	3	2	1	1	3	3	4	4	1	1	4	4	4	4	2	2	1	3	1	1	3	3	4	1
reference	OmyAC20ROGR_8565	Rogue	fall	1	1	1	1	4	3	4	4	4	4	1	1	3	3	2	2	1	1	1	1	3	1	3	3	3	3	4	4	1	1	1	2	2	4	4	3	1	4	1	1	2	4	1	1	1	1	1	2	1	1	1	1	4	4	1	2	3	1	1	1	2	2	4	4	1	1	3	2	1	1	3	3	1	4	3	1	4	3	4	4	2	4	1	1	1	1	3	3	4	1
reference	OmyAC20ROGR_8682	Rogue	fall	1	1	1	1	3	3	4	1	4	4	3	3	1	3	1	1	3	1	1	3	3	3	3	3	3	3	4	2	1	1	1	1	2	2	4	4	1	4	1	2	2	4	1	1	1	1	1	1	1	1	4	1	4	2	1	2	3	3	1	4	2	2	4	4	1	1	2	2	1	1	1	3	4	4	1	1	4	4	1	4	2	2	1	1	1	1	3	3	4	1
reference	OmyAC20ROGR_8711	Rogue	fall	1	1	1	3	4	3	4	4	4	4	1	3	1	1	1	2	3	1	1	1	3	3	3	3	4	4	4	4	1	1	2	2	2	2	4	3	1	1	2	2	2	2	1	2	1	1	1	1	1	1	1	1	4	2	1	1	3	1	1	1	2	2	4	4	3	1	2	2	1	1	1	3	4	4	1	1	4	4	4	4	2	4	1	1	1	3	3	1	4	4
reference	OmyAC20ROGR_8867	Rogue	fall	4	1	1	3	3	3	4	4	4	2	1	1	3	3	1	1	3	1	1	3	3	1	3	3	4	4	4	2	1	1	1	2	2	2	3	3	1	1	2	2	2	4	1	1	1	1	1	2	1	1	1	1	4	4	1	1	3	3	1	1	4	2	4	4	1	1	2	2	1	1	1	3	4	4	3	1	4	3	4	4	2	2	1	1	1	1	3	3	4	4
reference	OmyAC20ROGR_9189	Rogue	fall	4	1	1	1	4	3	4	4	4	2	3	3	1	1	1	2	1	1	1	3	3	3	3	3	3	3	2	2	1	2	2	2	2	2	4	4	1	4	1	1	2	4	1	2	1	1	1	1	1	1	1	1	4	4	1	1	3	3	1	1	2	2	4	4	3	1	2	2	1	1	1	3	4	4	1	1	4	4	4	4	2	2	1	3	1	1	3	1	4	1
reference	OmyAC20ROGR_9207	Rogue	fall	1	1	1	1	3	3	4	4	4	2	3	3	1	1	2	2	3	1	1	3	3	1	3	3	4	3	4	2	1	2	1	2	2	4	3	3	1	1	1	1	2	2	1	1	1	1	1	1	1	1	1	1	4	4	1	2	3	1	1	4	4	2	4	4	1	1	3	3	1	1	3	3	4	4	3	1	4	4	4	4	4	4	1	3	1	1	3	3	4	4
reference	OmyAC20ROGR_9248	Rogue	fall	4	1	1	1	3	3	4	4	4	2	3	3	1	3	2	2	3	1	1	1	3	1	3	3	3	3	4	2	1	2	1	1	2	2	4	4	1	1	1	1	4	4	1	1	1	1	1	2	1	1	1	1	4	2	2	2	3	1	4	4	4	2	4	4	3	1	3	2	1	1	3	3	4	4	3	3	4	4	4	4	2	4	1	1	1	1	3	3	4	1
reference	OmyAC20ROGR_9295	Rogue	fall	4	1	1	1	3	3	4	1	4	2	1	1	1	3	1	2	3	1	3	3	3	1	3	3	3	3	4	4	1	2	1	1	2	2	4	3	1	1	1	2	2	2	1	1	1	1	1	2	1	1	1	1	2	2	1	1	1	1	1	1	2	2	4	4	3	1	3	2	1	1	1	1	4	4	1	1	4	4	4	4	2	4	1	1	1	1	3	1	4	4
reference	OmyAC20ROGR_9317	Rogue	fall	4	1	1	1	4	3	4	1	4	2	1	1	1	1	2	2	1	1	1	1	3	3	3	3	4	3	4	2	1	1	1	2	2	2	4	3	1	1	1	1	4	4	1	1	1	1	1	1	1	1	1	1	4	4	1	2	3	1	1	1	4	2	4	1	3	1	2	2	1	1	3	3	4	4	3	1	4	3	4	4	2	4	1	3	1	1	3	3	4	1
reference	OmyAC19ROGR_0134	Rogue	Winter	4	1	1	1	4	3	4	1	4	4	1	3	1	1	1	2	1	1	1	3	3	1	3	3	4	3	2	2	1	1	1	2	2	2	4	3	1	1	1	2	2	4	1	1	1	2	1	1	3	1	1	1	4	2	1	2	3	3	1	1	2	2	4	4	1	1	3	2	1	1	1	1	4	4	1	1	4	4	4	4	2	2	1	1	3	3	3	1	4	1
reference	OmyAC19APPR_0218	Rogue	Winter	4	1	1	1	3	3	4	4	4	4	1	3	1	1	2	2	3	1	3	3	3	3	3	2	4	4	4	2	1	1	1	1	2	2	4	3	1	1	1	2	2	2	1	2	1	1	1	1	3	1	1	1	4	4	1	1	3	1	1	4	4	4	4	4	3	3	3	2	1	1	1	3	4	4	1	1	4	4	4	4	2	2	1	3	1	3	3	3	4	4
reference	OmyAC19CORH_0104	Rogue	Summer	4	4	1	1	3	3	4	1	4	4	3	3	1	1	2	2	3	1	1	1	3	3	3	3	3	3	4	4	1	2	1	2	2	2	4	4	1	4	1	2	4	4	1	2	1	1	1	1	1	1	1	1	4	4	1	1	3	1	1	1	2	2	4	4	3	1	2	2	1	1	1	3	4	4	1	1	3	3	1	4	2	4	1	3	1	1	1	1	4	4
reference	OmyAC19CORH_0208	Rogue	Summer	1	1	1	1	3	3	4	4	4	4	1	3	1	3	1	2	3	1	1	3	3	1	3	3	3	3	4	2	1	1	1	2	2	2	4	3	1	4	1	2	2	4	1	1	1	2	1	1	1	1	1	1	4	4	2	2	3	3	1	1	2	2	4	4	3	1	2	2	1	1	1	3	4	4	1	1	4	4	4	4	4	4	1	1	1	3	3	3	4	4
reference	OmyAC19CORH_0216	Rogue	Summer	1	1	1	1	3	3	4	4	4	2	1	3	1	3	1	2	3	1	1	1	3	1	3	3	3	3	4	4	1	1	1	1	2	2	4	4	1	1	1	1	4	4	1	1	1	1	1	1	1	1	1	1	4	4	1	1	3	1	1	4	2	2	4	4	1	1	3	2	3	1	3	3	4	4	3	1	4	4	4	4	4	4	3	3	1	1	3	3	4	4
reference	OmyAC19CORH_0224	Rogue	Summer	4	1	1	1	4	3	4	4	4	2	3	3	1	3	2	2	1	1	3	3	3	1	3	3	3	3	4	4	1	1	1	1	2	4	4	4	1	4	1	1	2	4	1	1	1	2	1	1	1	1	1	1	4	2	1	1	3	1	1	1	2	2	4	1	3	1	3	2	1	1	1	1	4	4	3	1	4	4	4	4	2	4	1	1	1	1	3	3	4	4
reference	OmyAC19CORH_0232	Rogue	Summer	4	1	1	1	4	3	4	4	4	2	1	1	1	3	2	2	3	1	1	1	3	3	3	2	3	3	4	4	1	1	2	2	2	2	3	3	1	4	1	1	2	2	2	2	1	1	1	1	1	1	1	1	4	4	1	2	3	1	1	1	2	2	4	4	1	1	3	3	1	1	1	3	4	4	1	1	4	4	4	4	2	4	1	1	1	1	3	1	4	4
reference	OmyAC19ROGR_0125	Rogue	Winter	4	1	1	1	3	3	4	1	4	4	3	3	1	1	1	2	1	1	1	3	3	3	3	3	4	3	2	2	1	1	NA	NA	2	2	3	3	1	1	1	2	NA	NA	1	1	1	2	2	2	1	1	1	1	4	4	1	1	3	3	1	1	2	2	4	4	1	1	2	2	1	1	1	3	1	4	1	1	4	4	4	4	2	2	1	1	1	1	3	3	4	4
reference	OmyAC19ROGR_0135	Rogue	Winter	1	1	1	1	3	3	4	4	4	4	1	3	1	1	1	2	3	1	1	3	3	1	3	3	4	4	4	2	1	2	1	2	2	4	4	3	1	1	1	1	4	4	1	1	1	1	1	2	3	1	1	1	4	2	1	2	3	3	1	1	2	2	4	1	1	1	3	2	1	1	3	3	4	4	1	1	4	4	NA	NA	2	4	1	1	1	1	3	1	4	4
reference	OmyAC19ROGR_0182	Rogue	Winter	4	1	1	1	4	3	4	4	4	4	3	3	1	3	2	2	3	1	1	1	3	1	3	3	4	3	4	4	1	2	1	2	2	4	4	3	1	1	1	2	2	4	NA	NA	1	2	1	1	3	1	4	1	4	4	1	2	3	3	1	1	2	2	4	4	3	1	3	3	1	1	1	3	4	4	1	1	3	3	4	4	2	2	1	1	1	3	3	3	4	4
reference	OmyAC19APPR_0110	Rogue	Winter	4	1	1	3	3	3	4	1	4	4	1	3	1	1	1	1	3	3	1	1	3	3	3	3	4	3	4	4	1	1	2	2	2	2	3	3	1	4	1	1	4	4	1	1	1	1	2	2	1	1	1	1	4	2	1	1	3	3	1	1	2	2	1	1	1	1	2	2	1	1	1	3	1	4	1	1	4	4	4	4	2	4	1	1	1	1	3	3	4	4
reference	OmyAC19CORH_0209	Rogue	Summer	4	1	1	1	4	3	4	1	4	4	1	1	1	3	1	2	1	1	1	1	3	3	3	2	3	3	4	2	1	1	1	2	2	4	4	4	4	4	1	1	4	4	1	1	1	1	1	1	1	1	1	1	4	4	2	2	3	1	1	1	2	2	4	4	3	1	3	2	1	1	1	3	1	4	1	1	4	3	4	4	2	4	1	1	1	3	3	3	4	4
reference	OmyAC19CORH_0217	Rogue	Summer	1	1	1	1	4	3	4	1	4	4	1	3	1	3	1	1	3	1	1	1	3	1	3	3	4	3	4	2	1	2	1	2	2	2	4	3	1	4	1	1	2	4	2	2	1	1	1	1	3	1	1	1	4	4	1	2	3	3	4	4	4	2	4	4	3	1	3	2	1	1	1	1	1	4	3	1	4	4	1	1	4	4	1	1	1	3	3	3	4	1
reference	OmyAC19CORH_0233	Rogue	Summer	1	1	1	1	3	3	4	4	4	4	1	3	1	1	2	2	3	3	1	1	3	3	3	3	4	3	4	4	1	1	1	2	2	2	4	3	1	4	1	2	2	2	1	1	1	1	1	1	1	1	1	1	4	4	1	1	3	1	1	1	2	2	4	4	3	1	3	2	1	1	1	3	1	4	3	1	4	4	4	4	2	2	3	3	1	3	3	3	4	4
reference	OmyAC19CORH_0241	Rogue	Summer	4	4	1	3	4	4	4	4	4	4	1	1	3	3	1	2	3	1	1	3	3	3	3	3	3	3	4	4	1	2	2	2	2	2	4	4	1	4	1	1	2	4	1	1	1	1	1	2	3	1	1	1	4	4	2	2	3	1	1	1	2	2	4	4	1	1	3	3	1	1	3	3	4	4	3	3	4	4	1	4	2	2	1	1	1	1	3	1	4	4
reference	OmyAC19ROGR_0126	Rogue	Winter	4	1	1	1	3	3	4	4	4	4	1	3	1	3	1	2	1	1	1	1	3	3	3	3	4	4	4	2	1	1	1	2	2	4	4	4	1	1	1	1	2	4	NA	NA	1	2	1	1	1	1	1	1	4	4	2	2	3	3	1	4	2	2	4	4	1	1	3	3	3	1	3	3	4	4	1	1	4	4	4	4	4	4	1	1	1	1	3	3	4	1
reference	OmyAC19ROGR_0137	Rogue	Winter	NA	NA	NA	NA	3	3	4	4	4	4	3	3	1	1	2	2	3	3	1	1	3	3	3	2	4	4	4	4	1	1	1	1	2	2	4	3	1	1	1	1	2	4	1	1	2	2	1	2	3	1	1	1	4	4	1	2	NA	NA	1	4	4	2	4	4	3	1	2	2	1	1	3	3	4	4	3	1	4	4	4	4	2	2	1	1	1	1	3	3	4	1
reference	OmyAC19APPR_0212	Rogue	Winter	4	1	1	1	3	3	1	1	4	4	3	3	1	1	1	2	3	3	1	1	3	3	3	3	3	3	2	2	1	1	1	1	2	2	4	3	1	1	1	1	2	4	1	1	1	1	1	1	3	1	1	1	4	4	1	1	3	3	1	4	2	2	4	4	1	1	2	2	1	1	1	3	4	4	1	1	4	4	4	4	2	4	1	1	1	1	3	3	4	1
reference	OmyAC19CORH_0210	Rogue	Summer	4	1	1	1	3	3	4	4	4	4	1	3	3	3	1	2	1	1	1	1	3	3	3	3	4	4	4	2	1	1	1	2	2	2	4	3	1	1	1	2	2	4	1	1	1	1	1	1	1	1	1	1	4	2	1	1	3	1	1	1	2	2	4	4	3	1	3	2	1	1	1	3	4	4	1	1	3	3	4	4	4	4	1	1	1	3	3	3	4	1
reference	OmyAC19CORH_0218	Rogue	Summer	1	1	1	1	4	3	4	1	4	4	1	3	1	3	2	2	1	1	3	3	3	3	3	3	3	3	4	2	1	1	1	1	2	2	3	3	1	4	1	1	2	4	1	1	1	1	1	1	1	1	1	1	4	4	1	2	3	3	1	1	2	2	4	4	3	3	3	3	1	1	3	3	4	4	1	1	4	4	4	4	2	4	1	1	1	3	3	3	4	4
reference	OmyAC19CORH_0226	Rogue	Summer	4	1	1	1	4	3	4	4	4	4	1	1	1	3	1	2	3	3	1	3	3	3	3	3	3	3	2	2	1	1	1	2	2	4	4	4	1	1	1	1	4	4	1	2	1	2	1	1	1	1	1	1	4	2	1	2	3	1	1	1	2	2	4	4	1	1	3	2	1	1	3	3	1	4	1	1	4	4	4	4	2	2	1	3	1	3	1	1	4	4
reference	OmyAC19CORH_0234	Rogue	Summer	1	1	1	1	3	3	1	1	4	4	1	3	1	1	1	2	1	1	1	1	3	1	3	3	3	3	2	2	1	1	1	1	2	2	4	3	1	1	1	1	2	4	1	1	1	1	1	1	3	1	1	1	4	2	1	1	3	1	1	1	2	2	4	4	3	1	3	3	1	1	1	3	4	4	1	1	4	3	4	4	4	4	1	1	1	3	3	3	4	4
reference	OmyAC19ROGR_0128	Rogue	Winter	4	1	1	1	3	3	4	4	4	4	3	3	1	1	2	2	3	1	1	1	3	3	3	3	4	4	4	2	1	1	2	2	2	4	4	3	1	1	1	1	2	4	1	1	1	2	1	1	3	1	1	1	4	4	1	2	3	1	1	1	2	2	4	1	3	1	3	2	1	1	1	1	4	4	1	1	4	4	4	4	4	4	1	1	1	3	3	3	4	4
reference	OmyAC19APPR_0114	Rogue	Winter	1	1	1	1	3	3	4	1	4	4	3	3	1	3	1	2	3	3	1	1	3	1	3	2	4	3	4	4	1	1	1	2	2	2	4	3	4	4	1	2	4	4	1	2	1	1	1	2	1	1	1	1	4	4	1	1	3	1	4	4	4	2	4	1	3	1	3	2	1	1	1	3	4	4	1	1	4	3	4	4	2	2	1	1	1	3	3	3	4	4
reference	OmyAC19APPR_0213	Rogue	Winter	4	1	1	3	3	3	1	1	4	4	3	3	1	1	1	2	3	1	3	3	3	3	3	2	4	4	2	2	1	1	1	2	2	4	4	4	4	4	1	1	4	4	1	1	1	1	1	1	1	1	1	1	4	4	1	2	3	3	1	1	2	2	4	4	1	1	3	2	1	1	3	3	4	4	3	1	4	4	4	4	2	2	1	3	1	1	3	3	4	4
reference	OmyAC19APPR_0221	Rogue	Winter	4	1	1	3	3	3	4	4	4	4	1	3	1	3	1	2	3	1	1	1	3	1	3	3	3	3	2	2	2	2	2	2	2	2	4	3	1	4	2	2	4	4	1	2	1	1	1	1	1	1	1	1	2	2	2	2	3	1	1	4	2	2	4	4	3	1	3	3	1	1	3	3	4	4	1	1	4	4	1	4	2	4	1	1	1	1	3	3	4	4
reference	OmyAC19CORH_0211	Rogue	Summer	1	1	3	3	4	3	4	1	4	4	1	3	1	3	1	2	3	1	1	1	3	3	3	2	3	3	2	2	1	2	2	2	2	4	4	4	1	4	1	2	2	4	2	2	1	2	1	2	3	1	1	1	4	2	1	1	3	1	1	1	2	2	4	4	3	1	3	2	1	1	1	3	4	4	1	1	4	3	4	4	2	4	1	1	1	3	3	3	4	4
reference	OmyAC19CORH_0227	Rogue	Summer	1	1	1	1	3	3	4	1	4	4	3	3	1	3	1	2	3	1	1	1	3	3	3	3	4	4	4	2	1	1	1	2	2	2	4	4	1	1	1	2	2	4	1	2	1	1	1	2	1	1	1	1	4	4	1	1	3	1	1	1	2	2	4	4	3	1	3	3	1	1	1	3	1	4	1	1	4	4	4	4	2	4	1	1	1	1	3	3	4	4
reference	OmyAC19CORH_0235	Rogue	Summer	4	1	1	1	3	3	4	4	4	4	3	3	1	1	1	2	3	1	1	3	3	3	3	3	4	3	4	4	1	1	1	2	2	2	4	4	1	1	1	2	2	4	1	1	1	1	1	2	3	1	1	1	4	4	1	2	3	3	1	1	2	2	4	4	3	1	3	3	1	1	1	3	1	4	3	1	4	4	4	4	4	4	1	3	1	1	3	1	4	4
reference	OmyAC19ROGR_0129	Rogue	Winter	1	1	NA	NA	3	3	4	1	4	4	3	3	1	1	1	1	3	1	1	1	3	3	3	2	NA	NA	2	2	1	1	1	2	2	2	4	4	1	1	1	2	NA	NA	1	1	NA	NA	1	1	1	1	1	1	4	2	1	1	1	1	1	4	4	2	4	4	3	3	3	2	1	1	1	1	4	4	1	1	4	3	4	4	2	2	1	3	1	3	3	3	4	4
reference	OmyAC19ROGR_0139	Rogue	Winter	1	1	1	1	4	3	4	4	4	4	1	3	1	1	2	2	1	1	1	1	3	3	3	2	4	4	4	4	1	1	1	1	2	4	4	4	1	4	1	1	4	4	1	1	1	1	1	1	3	3	1	1	4	2	1	2	3	1	1	1	2	2	4	1	3	3	2	2	1	1	1	1	1	4	3	1	4	4	4	4	4	4	1	1	1	1	3	3	4	1
reference	OmyAC19ROGR_0186	Rogue	Winter	1	1	1	1	3	3	1	1	4	2	3	3	1	3	1	2	3	1	1	3	3	3	3	3	3	3	4	2	1	2	1	2	2	2	4	4	1	1	1	2	2	4	1	1	2	2	1	1	3	1	1	1	4	4	1	2	3	3	1	1	2	2	4	4	1	1	3	2	1	1	1	3	4	4	1	1	4	4	4	4	2	2	1	3	1	1	3	3	4	1
reference	OmyAC19APPR_0214	Rogue	Winter	1	1	1	3	4	3	4	1	4	4	1	3	1	1	2	2	1	1	1	1	3	3	3	3	4	4	4	4	1	1	2	2	2	4	4	4	4	4	1	1	2	4	1	2	1	1	2	2	1	1	1	1	4	2	1	1	3	3	1	4	2	2	4	4	3	1	3	2	1	1	3	3	4	4	1	1	4	4	4	4	2	4	1	3	1	1	3	3	4	4
reference	OmyAC19APPR_0222	Rogue	Winter	1	1	1	1	3	3	4	4	4	4	1	3	1	3	1	2	3	1	1	1	3	1	3	3	3	3	4	2	1	1	1	1	2	4	4	3	1	4	1	2	2	4	1	1	1	2	1	2	1	1	1	1	4	4	1	2	1	1	1	1	2	2	4	4	3	3	3	2	1	1	1	1	4	4	1	1	4	4	4	4	2	2	1	1	1	1	3	3	4	4
reference	OmyAC19CORH_0204	Rogue	Summer	1	1	1	3	4	3	4	1	4	4	3	3	1	1	1	2	3	3	1	1	3	1	3	3	3	3	4	2	1	2	1	1	2	2	4	4	4	4	1	2	4	4	1	1	1	2	1	1	1	1	1	1	2	2	2	2	3	3	1	1	2	2	4	4	1	1	2	2	1	1	3	3	1	4	3	3	4	4	4	4	2	4	1	1	1	3	3	1	4	4
reference	OmyAC19CORH_0228	Rogue	Summer	4	1	1	1	4	3	4	4	4	2	1	3	1	1	2	2	3	3	1	1	3	3	3	2	3	3	4	4	1	1	1	2	2	2	4	3	1	4	1	2	2	4	1	2	1	1	1	1	1	1	1	1	4	4	1	1	3	1	1	4	2	2	4	4	1	1	3	2	1	1	1	3	1	4	3	1	4	3	4	4	2	4	1	1	1	3	3	1	4	4
reference	OmyAC19ROGR_0140	Rogue	Winter	4	1	1	1	3	3	4	4	4	4	1	1	1	3	1	1	3	1	1	1	3	1	3	3	4	3	4	2	1	2	1	1	2	2	4	4	1	1	1	1	2	2	1	1	2	2	1	2	3	1	1	1	4	2	1	1	NA	NA	1	1	4	2	4	1	1	1	3	2	1	1	3	3	4	4	3	1	NA	NA	1	4	2	4	1	1	1	3	3	3	4	4
reference	OmyAC19APPR_0120	Rogue	Winter	1	1	1	1	3	3	4	1	4	4	1	1	1	1	2	2	3	1	1	1	3	3	3	3	4	3	4	4	1	1	1	2	2	2	4	3	1	1	1	2	2	4	1	1	1	1	1	2	3	1	1	1	4	4	1	2	3	3	1	1	2	2	4	4	1	1	3	3	1	1	3	3	4	4	1	1	4	4	4	4	2	4	1	3	1	3	3	3	4	1
reference	OmyAC19APPR_0215	Rogue	Winter	4	4	1	1	4	3	4	1	4	4	3	3	1	1	1	2	3	3	1	1	3	1	3	3	3	3	4	4	1	1	1	2	2	4	4	4	1	4	1	2	2	2	1	2	1	1	1	2	1	1	1	1	4	4	1	1	3	1	1	4	2	2	4	1	1	1	3	2	1	1	3	3	4	4	1	1	4	4	4	4	4	4	1	3	1	3	3	3	1	1
reference	OmyAC19CORH_0205	Rogue	Summer	1	1	1	1	3	3	4	4	4	2	3	3	1	3	2	2	3	1	1	1	3	1	3	3	3	3	4	2	1	2	1	1	2	2	4	4	1	4	1	1	2	4	1	1	NA	NA	1	2	1	1	1	1	4	4	1	1	3	1	1	1	2	2	4	4	1	1	3	2	1	1	1	3	4	4	1	1	3	3	4	4	2	2	3	3	1	1	3	3	4	1
reference	OmyAC19CORH_0213	Rogue	Summer	1	1	1	1	3	3	4	1	4	2	1	3	1	1	1	1	3	1	1	3	3	1	3	2	3	3	4	2	1	1	1	2	2	4	4	4	1	4	1	1	2	2	1	1	1	1	1	1	1	1	1	1	4	2	1	2	3	1	1	4	2	2	4	4	1	1	3	2	1	1	1	3	4	4	3	1	4	3	4	4	4	4	1	3	1	3	3	3	1	1
reference	OmyAC19CORH_0229	Rogue	Summer	4	1	1	3	3	3	4	4	4	4	1	1	1	1	1	2	3	3	1	1	3	1	3	3	3	3	4	2	2	2	2	2	2	2	4	3	1	4	1	1	2	4	1	1	1	1	1	1	1	1	1	1	4	4	1	2	3	3	1	1	2	2	4	4	1	1	3	3	1	1	1	3	4	4	3	1	4	4	4	4	2	4	1	3	1	1	3	3	4	1
reference	OmyAC19CORH_0237	Rogue	Summer	1	1	1	1	3	3	1	1	4	2	1	1	1	1	1	2	3	1	1	1	1	1	3	3	3	3	2	2	1	1	1	1	2	4	4	3	1	4	1	1	2	4	1	1	1	1	1	1	3	1	1	1	4	2	1	2	3	1	1	1	2	2	4	4	1	1	3	3	1	1	1	3	4	4	3	3	4	3	4	4	4	4	1	1	1	3	3	3	4	4
reference	OmyAC19ROGR_0189	Rogue	Winter	1	1	1	1	4	3	4	4	4	4	1	1	3	3	2	2	3	1	1	1	3	3	3	3	3	3	4	4	1	1	1	1	2	4	4	4	1	1	1	1	2	4	1	2	1	1	1	1	1	1	1	1	2	2	1	2	3	1	1	1	2	2	4	4	3	3	2	2	1	1	3	3	1	4	1	1	4	4	4	4	2	4	1	1	1	3	3	3	4	4
reference	OmyAC19APPR_0122	Rogue	Winter	4	1	1	1	3	3	4	1	4	4	1	3	1	1	1	2	3	1	1	1	3	3	3	3	4	3	4	2	1	1	1	2	2	2	4	3	1	1	1	2	2	4	1	2	1	1	1	2	3	1	1	1	4	2	1	2	3	1	1	1	2	2	4	4	1	1	3	2	1	1	1	3	1	4	1	1	3	3	4	4	2	4	1	3	1	1	3	1	4	1
reference	OmyAC19CORH_0214	Rogue	Summer	4	1	1	1	4	3	4	4	4	2	3	3	1	1	1	1	3	1	1	1	3	3	3	3	3	3	4	4	1	2	1	1	2	2	4	3	1	1	1	1	4	4	1	2	1	2	1	1	1	1	1	1	4	2	1	2	3	1	1	1	2	2	4	4	3	3	3	3	1	1	1	3	4	4	3	1	4	3	4	4	4	4	1	3	1	3	3	3	4	1
reference	OmyAC19CORH_0230	Rogue	Summer	1	1	1	3	4	4	4	4	4	2	1	3	1	1	1	1	3	3	1	1	3	3	3	3	4	3	4	4	2	2	1	1	2	2	4	3	1	1	1	2	2	4	1	1	1	2	1	2	1	1	1	1	4	4	1	2	3	1	1	1	2	2	4	4	1	1	3	3	1	1	1	3	4	4	1	1	4	4	4	4	2	4	1	3	1	3	3	3	4	1
reference	OmyAC19APPR_0176	Rogue	Winter	4	4	1	1	3	3	4	1	4	4	1	3	1	3	2	2	3	1	1	1	3	1	3	3	4	4	2	2	1	1	1	2	2	2	3	3	1	1	1	2	2	4	1	1	1	1	1	1	3	3	1	1	4	2	1	1	3	1	1	1	4	2	4	4	1	1	2	2	1	1	1	1	4	4	1	1	4	4	1	4	2	2	1	3	1	1	3	1	4	4
reference	OmyAC19APPR_0217	Rogue	Winter	1	1	1	1	3	3	4	1	4	4	1	3	1	3	2	2	3	3	1	1	3	3	2	2	4	4	4	2	1	2	1	2	4	4	4	4	1	1	1	1	2	4	1	1	1	1	1	2	3	1	1	1	4	2	1	2	3	1	1	4	2	2	4	4	1	1	3	3	1	1	1	1	4	4	1	1	4	3	4	4	2	2	1	1	1	1	3	1	4	4
reference	OmyAC19CORH_0223	Rogue	Summer	1	1	1	3	3	3	4	1	4	4	1	1	1	1	2	2	3	1	1	1	3	3	3	3	3	3	2	2	1	2	2	2	2	4	4	4	1	4	1	1	4	4	1	2	1	2	1	2	1	1	1	1	4	4	1	1	1	1	1	1	NA	NA	4	4	3	1	3	2	1	1	1	3	4	4	1	1	4	3	4	4	4	4	1	3	1	3	3	3	1	1
reference	OmyAC19CORH_0231	Rogue	Summer	4	4	1	3	4	3	4	1	4	2	1	3	1	3	2	2	1	1	1	1	3	1	3	3	3	3	4	2	1	1	1	2	2	2	4	4	1	1	1	2	2	4	1	2	1	2	2	2	1	1	1	1	4	2	1	1	3	1	1	1	2	2	4	4	3	3	3	3	1	1	1	1	1	4	1	1	4	4	1	4	2	2	1	3	1	1	3	3	4	4
reference	SmithRi01	Klamath	SmithRi	1	1	1	1	4	4	1	4	4	4	3	3	1	1	1	1	1	1	3	1	3	3	2	3	4	4	2	2	1	1	1	2	4	4	4	4	4	4	1	2	4	2	1	1	1	1	2	1	1	1	1	1	4	4	1	1	3	3	1	1	2	2	4	4	1	1	2	2	1	1	3	1	4	4	1	1	3	4	4	4	1	1	1	1	2	4	4	2	1	1
reference	SmithRi02	Klamath	SmithRi	1	1	1	1	3	3	1	1	2	4	3	3	1	1	2	2	1	1	3	1	1	3	3	3	4	4	2	4	1	1	1	1	2	2	4	3	1	4	1	2	2	2	1	1	1	1	2	1	1	1	1	1	2	4	1	1	3	3	4	1	2	4	4	4	1	3	2	3	1	3	3	1	4	4	1	3	4	4	4	4	3	3	1	1	2	4	2	2	1	1
reference	SmithRi03	Klamath	SmithRi	1	1	1	1	3	3	1	1	2	4	3	3	1	1	2	1	1	1	1	1	1	3	3	3	4	4	2	4	1	1	1	2	2	2	4	3	1	1	2	2	2	2	1	1	1	1	2	1	1	1	1	1	2	2	1	1	3	3	4	1	2	4	4	4	1	1	2	3	1	3	3	3	4	4	1	3	4	4	4	4	3	3	1	1	4	4	2	2	1	1
reference	SmithRi04	Klamath	SmithRi	1	4	1	1	3	3	1	4	4	4	3	3	1	1	2	2	1	1	3	1	1	3	3	3	4	4	4	4	1	1	1	1	4	4	4	3	1	4	1	2	2	2	1	1	1	1	2	1	1	1	1	1	2	2	1	1	3	3	4	1	2	4	4	4	1	3	2	2	1	3	1	1	4	4	1	3	3	4	4	4	3	3	1	1	2	4	2	2	1	1
reference	SmithRi05	Klamath	SmithRi	1	1	1	1	3	4	1	4	2	4	3	3	1	1	2	2	1	1	1	1	1	1	3	3	4	4	2	4	1	1	1	1	4	4	4	3	4	4	1	2	4	2	1	1	2	1	1	1	1	1	1	1	4	4	2	1	1	3	1	1	2	4	4	4	1	1	2	3	1	3	3	1	4	4	1	1	4	4	4	4	1	3	1	1	4	4	4	2	4	1
reference	SmithRi06	Klamath	SmithRi	1	4	1	1	3	3	1	4	4	4	3	3	3	1	2	1	1	1	3	3	1	1	3	3	3	3	4	4	1	1	1	1	2	4	4	4	4	4	2	2	4	4	1	1	2	1	2	1	1	1	1	1	4	4	1	1	3	3	1	1	2	2	4	4	1	1	3	3	1	1	3	1	4	4	1	3	3	4	4	1	NA	NA	1	1	2	4	2	2	1	1
reference	SmithRi07	Klamath	SmithRi	1	1	1	1	3	4	1	4	2	2	3	3	1	1	2	2	1	3	1	1	1	1	3	3	4	4	2	4	1	1	1	1	4	4	4	3	4	4	1	2	4	2	1	1	2	1	1	1	1	1	1	1	4	4	1	1	1	3	1	1	2	4	4	4	1	3	2	3	1	3	1	1	4	4	1	1	3	4	4	4	1	1	1	1	4	4	4	4	4	1
reference	SmithRi08	Klamath	SmithRi	1	1	3	1	3	3	1	1	4	4	3	3	1	1	2	2	1	1	1	1	1	3	3	3	3	4	4	4	1	1	1	1	4	4	3	3	1	4	1	2	2	2	1	1	1	1	2	1	1	1	1	1	2	4	2	1	3	3	1	1	2	2	4	4	3	3	2	2	1	1	1	1	4	1	1	3	3	4	4	4	1	1	1	1	4	4	2	2	1	1
reference	SmithRi09	Klamath	SmithRi	1	4	1	1	4	4	1	1	4	4	3	1	3	1	2	2	3	3	1	1	1	1	3	3	4	4	NA	NA	1	1	1	2	2	4	3	3	4	4	2	2	4	2	1	1	1	1	1	1	3	3	1	1	4	4	1	1	1	3	4	1	2	4	4	4	1	1	2	3	1	1	3	1	4	4	1	3	4	4	4	4	NA	NA	1	1	2	4	4	4	4	1
reference	SmithRi10	Klamath	SmithRi	1	1	1	1	3	3	1	4	2	2	3	1	1	1	2	2	NA	NA	1	1	1	3	3	3	3	3	2	4	2	1	1	1	2	4	3	3	1	4	2	2	4	2	2	1	1	1	2	2	3	3	1	1	2	4	1	1	1	3	4	1	2	2	4	4	1	1	3	3	1	1	3	1	4	4	1	1	4	4	4	4	3	3	1	1	2	4	2	2	4	4
reference	SmithRi11	Klamath	SmithRi	1	1	1	1	3	4	1	4	2	4	3	1	1	1	2	2	1	1	1	1	1	3	3	3	4	4	2	4	1	1	1	2	2	2	4	3	4	4	1	2	4	2	1	1	1	1	2	1	1	3	1	4	2	4	2	1	1	3	1	1	2	2	4	4	1	3	3	3	1	1	3	1	4	4	1	1	4	4	4	4	3	3	1	1	2	4	4	2	4	1
reference	SmithRi12	Klamath	SmithRi	1	4	3	1	4	4	1	1	4	4	3	1	3	3	2	2	1	1	1	1	3	3	NA	NA	3	4	4	4	1	1	2	2	2	2	3	3	4	4	1	2	4	2	1	1	2	1	2	1	1	3	1	1	2	4	1	1	3	3	4	1	2	2	4	4	1	3	2	2	1	3	3	1	4	4	1	3	4	4	4	4	1	3	1	1	2	4	4	2	4	1
reference	SmithRi13	Klamath	SmithRi	1	4	3	1	3	3	1	1	4	4	3	3	3	3	2	2	1	1	3	1	1	1	3	3	3	4	4	4	1	1	1	1	2	4	4	4	4	4	1	2	4	4	1	1	1	1	1	1	1	3	1	1	2	4	2	1	3	3	4	1	2	2	4	4	1	1	2	3	1	1	3	1	4	4	1	3	3	3	4	4	3	3	1	1	4	4	2	2	4	1
reference	SmithRi14	Klamath	SmithRi	1	4	1	1	3	3	1	1	4	4	3	3	3	3	2	1	1	1	3	1	1	3	2	3	3	4	4	4	2	2	1	1	4	4	4	3	4	4	1	2	4	4	1	1	1	1	1	1	3	3	1	1	2	2	1	1	3	3	4	1	2	2	4	4	1	1	2	3	1	1	3	3	4	4	1	1	4	4	4	4	1	1	3	1	2	4	4	2	4	1
reference	SmithRi15	Klamath	SmithRi	1	1	1	1	3	4	1	1	4	4	3	1	1	1	2	1	1	3	3	1	3	3	3	3	3	4	4	4	1	1	2	2	4	4	3	3	1	4	1	2	2	2	1	1	1	1	1	1	1	3	1	1	2	4	1	1	1	3	4	1	2	2	4	4	3	3	2	3	1	3	3	3	4	4	1	3	NA	NA	4	1	1	3	1	1	2	2	2	2	4	1
reference	SmithRi16	Klamath	SmithRi	1	4	3	1	3	4	1	1	4	4	3	1	1	1	2	1	1	1	3	1	3	3	3	3	3	4	2	4	1	1	1	2	4	4	3	3	4	4	1	2	4	2	2	1	1	1	1	1	1	1	1	1	2	4	1	1	1	3	4	1	2	2	4	4	1	1	2	3	1	1	1	1	4	1	3	3	4	4	4	4	1	1	1	1	2	4	2	2	4	1
reference	SmithRi17	Klamath	SmithRi	1	1	1	1	3	3	1	1	4	4	3	3	1	1	2	2	1	3	3	1	1	1	2	3	4	4	2	4	2	1	1	1	2	2	3	3	4	4	1	2	2	2	1	1	2	1	2	2	1	3	1	1	4	4	2	1	3	3	4	1	2	2	4	4	1	3	2	3	1	1	3	1	4	4	1	1	4	4	4	1	1	3	1	1	4	4	4	2	4	1
reference	SmithRi18	Klamath	SmithRi	1	1	3	1	3	3	1	1	4	4	3	1	3	1	2	1	1	3	3	1	3	3	3	3	3	4	4	4	1	1	1	2	4	4	3	3	4	4	1	2	4	2	2	1	1	1	2	1	1	1	1	1	2	2	1	1	1	3	1	1	2	2	4	4	3	3	3	3	1	3	1	1	4	1	1	3	4	4	4	4	3	3	1	1	2	4	2	2	4	1
reference	SmithRi19	Klamath	SmithRi	1	4	1	1	3	4	1	1	4	4	3	1	3	1	2	2	1	1	3	1	1	3	3	3	3	4	4	4	2	1	1	1	2	4	4	3	4	4	2	2	4	4	2	1	1	1	2	1	1	1	1	1	2	4	1	1	3	3	4	1	2	4	4	4	3	3	2	3	1	1	1	1	4	1	1	3	4	4	4	4	1	3	3	1	2	4	2	2	4	1
reference	SmithRi20	Klamath	SmithRi	1	1	1	1	3	4	1	4	4	4	3	3	3	1	2	2	1	3	3	3	3	3	3	3	4	4	4	4	1	1	2	2	4	4	4	3	1	4	2	2	4	2	1	1	1	1	1	1	1	1	1	1	4	4	2	1	1	1	4	1	2	4	4	4	1	3	2	3	1	1	3	3	4	4	1	3	4	4	4	1	1	1	1	1	2	4	2	2	1	1
reference	SmithRi21	Klamath	SmithRi	1	1	3	1	3	3	4	4	4	4	3	3	3	1	2	2	1	1	1	1	1	1	2	3	3	4	2	4	1	1	1	2	2	4	4	4	4	4	2	2	4	4	1	1	1	1	1	1	1	1	1	1	4	4	2	1	3	3	1	1	2	2	4	4	1	1	2	2	1	1	3	1	4	4	1	1	3	4	4	4	NA	NA	1	1	2	4	2	2	1	1
reference	SmithRi22	Klamath	SmithRi	1	1	3	1	3	4	4	4	2	4	3	1	1	1	2	1	1	3	1	1	1	1	3	3	3	4	4	4	2	1	2	2	2	4	4	3	4	4	2	2	2	2	2	1	1	1	2	2	1	3	1	1	2	4	2	1	1	3	1	1	4	4	4	4	1	3	2	3	1	1	3	3	4	4	1	3	4	4	4	4	1	3	1	1	2	4	2	2	4	1
reference	SmithRi23	Klamath	SmithRi	1	1	3	1	3	3	1	4	2	4	3	1	1	1	1	1	1	3	1	1	1	3	3	3	3	3	2	4	1	1	1	1	2	4	3	3	1	4	1	2	4	2	2	2	1	1	2	1	1	1	1	1	2	2	2	1	1	1	4	1	2	2	4	4	1	1	3	3	1	1	1	1	4	4	1	3	4	4	4	1	1	1	3	1	2	4	2	2	1	1
reference	SmithRi24	Klamath	SmithRi	1	4	3	1	3	3	1	4	4	4	3	3	3	1	2	2	1	1	3	1	3	3	3	3	4	4	2	2	2	1	1	2	2	4	4	3	4	4	1	2	4	2	1	1	1	1	1	1	1	1	1	1	2	2	2	2	1	3	4	1	2	4	4	4	1	1	2	3	1	1	1	1	4	4	1	3	4	4	4	4	1	3	1	1	2	4	2	2	1	1
reference	SmithRi25	Klamath	SmithRi	1	4	1	1	3	3	1	4	4	4	3	3	3	1	2	2	1	1	3	3	1	3	3	3	3	4	2	4	1	1	1	2	2	4	4	3	4	4	2	2	4	2	1	1	2	1	2	1	1	1	1	1	4	4	1	1	3	3	1	1	2	2	4	4	1	1	2	3	1	1	3	3	4	1	1	1	4	4	4	4	3	3	1	1	2	4	2	2	1	1
reference	SmithRi26	Klamath	SmithRi	1	1	3	1	3	3	1	4	2	4	3	3	3	1	2	1	1	3	3	1	3	3	3	3	3	4	2	4	1	1	2	2	2	4	4	3	4	4	2	2	2	2	2	1	1	1	1	1	1	1	1	1	4	4	2	1	1	3	1	1	4	4	4	4	1	1	2	2	1	1	1	1	4	4	3	3	4	4	4	4	3	3	1	1	2	4	2	2	4	1
reference	SmithRi27	Klamath	SmithRi	1	4	3	1	3	4	1	1	2	4	1	1	3	1	2	2	3	3	3	1	3	3	3	3	3	3	2	4	1	1	2	2	4	4	4	3	1	4	1	2	2	2	1	1	1	1	1	1	1	1	1	1	2	4	1	1	1	1	4	1	2	2	4	4	3	3	3	3	1	3	3	1	4	4	1	1	4	4	4	1	1	3	1	1	2	4	2	2	4	1
reference	SmithRi28	Klamath	SmithRi	4	4	3	1	4	4	1	4	2	2	1	1	3	1	2	2	1	1	1	1	3	3	3	3	3	3	2	4	1	1	2	2	4	4	4	3	1	4	1	2	4	2	1	1	1	1	2	1	1	1	1	1	2	4	1	1	1	3	4	4	2	2	4	4	1	3	3	3	1	1	3	1	4	4	1	3	4	4	4	1	1	3	1	1	2	4	2	2	4	1
reference	SmithRi29	Klamath	SmithRi	1	1	3	3	3	3	1	4	NA	NA	3	3	1	1	2	1	3	3	1	1	1	3	3	3	3	3	4	4	1	1	1	2	4	4	4	4	1	4	2	2	4	2	1	1	1	1	2	1	1	1	1	1	2	4	1	1	1	3	1	1	2	4	4	4	1	1	2	3	3	3	3	3	4	4	1	3	4	4	4	4	3	3	3	1	2	4	2	2	1	1
reference	SmithRi30	Klamath	SmithRi	1	1	3	1	3	3	1	4	4	4	3	3	3	1	1	1	1	3	1	1	3	3	3	3	3	3	2	4	1	1	2	2	2	4	4	4	4	4	2	2	2	2	1	1	1	1	2	1	1	1	1	1	2	4	2	2	3	3	1	1	4	4	4	4	1	1	2	3	1	1	3	1	4	4	3	3	4	4	4	4	1	3	1	1	4	4	2	2	4	1
reference	SmithRi31	Klamath	SmithRi	1	4	1	1	3	4	1	1	2	4	1	1	3	1	2	2	1	3	3	1	1	3	3	3	3	3	4	4	1	1	2	2	4	4	3	3	NA	NA	1	2	4	2	2	1	1	1	1	1	1	3	1	1	2	4	1	1	1	3	4	4	2	2	4	4	1	3	3	3	1	3	3	1	4	4	1	1	NA	NA	4	4	3	3	1	1	2	2	2	2	4	1
reference	SmithRi32	Klamath	SmithRi	1	4	1	1	3	4	1	1	4	4	3	3	1	1	2	2	1	1	3	1	1	1	3	3	3	4	2	4	1	1	1	1	2	4	4	3	4	4	2	2	4	4	1	1	1	1	2	2	1	1	1	1	4	4	1	1	3	3	4	1	2	2	4	4	1	1	2	3	1	1	3	1	4	1	1	1	3	3	4	1	3	3	1	1	4	4	2	2	1	1
reference	BlKlaRi01	Klamath	BlKlaRi	1	1	3	1	3	4	4	4	2	4	3	1	1	1	2	2	3	3	3	3	3	3	2	3	NA	NA	2	2	2	2	1	2	4	4	3	3	1	4	2	2	2	2	1	1	1	1	2	1	1	1	1	1	2	2	1	1	3	3	4	1	2	2	4	4	1	3	3	3	1	1	1	1	4	1	1	3	3	4	4	4	1	3	3	1	4	4	2	2	4	4
reference	BlKlaRi02	Klamath	BlKlaRi	1	1	1	1	3	3	4	4	4	4	3	3	3	1	2	1	1	3	1	1	1	1	2	2	4	4	2	4	1	1	1	1	2	2	3	3	4	4	2	2	4	2	2	2	1	1	1	1	1	1	1	1	2	4	1	1	1	3	1	1	2	4	1	4	1	3	2	3	1	1	1	1	4	4	1	1	3	4	4	4	1	1	3	1	2	4	2	2	4	1
reference	BlKlaRi03	Klamath	BlKlaRi	1	1	1	1	3	4	1	4	4	4	3	1	1	1	2	2	1	3	1	1	3	3	3	3	3	3	4	4	2	2	1	2	4	4	3	3	4	4	2	2	4	4	1	1	1	1	1	1	1	3	1	1	2	2	2	1	1	3	4	1	2	2	1	4	1	3	3	3	1	1	3	1	4	4	1	1	4	4	4	4	1	1	1	1	4	4	2	2	1	1
reference	BlKlaRi04	Klamath	BlKlaRi	1	1	3	1	4	4	4	4	2	4	3	1	3	3	2	2	1	3	1	1	3	3	3	3	3	4	2	4	2	2	1	2	2	4	3	3	1	4	1	2	4	2	1	1	1	1	1	1	1	1	1	1	2	4	1	1	3	3	1	1	2	2	4	4	1	3	2	3	1	1	3	1	4	4	1	3	3	3	4	4	1	3	1	1	2	4	4	2	4	1
reference	BlKlaRi05	Klamath	BlKlaRi	1	1	1	1	3	4	4	4	4	4	1	1	1	1	2	2	1	1	1	1	3	3	3	3	3	3	2	2	1	1	2	2	2	4	4	3	1	4	2	2	4	4	1	1	1	1	1	1	1	3	1	1	2	4	2	1	1	3	1	1	2	4	4	4	1	1	3	3	1	1	3	3	4	4	3	3	3	4	4	4	1	3	3	1	2	4	2	2	1	1
reference	BlKlaRi06	Klamath	BlKlaRi	1	1	1	1	4	4	1	4	2	4	3	3	1	1	2	2	3	3	1	1	3	3	2	3	4	4	2	4	1	1	2	2	2	4	3	3	1	4	2	2	4	2	2	2	2	1	2	1	1	1	1	1	2	4	2	1	1	3	4	1	2	2	4	4	1	3	2	2	1	1	1	1	4	4	1	3	4	4	4	4	1	3	1	1	4	4	2	2	1	1
reference	BlKlaRi07	Klamath	BlKlaRi	1	4	1	1	4	4	1	4	2	4	3	3	1	1	2	1	1	3	3	1	1	3	3	3	4	4	4	4	1	1	2	2	4	4	3	3	1	1	2	2	4	4	2	1	1	1	1	1	3	3	1	1	2	4	2	1	3	3	4	1	2	2	4	4	1	1	2	3	1	1	3	1	4	1	1	1	4	4	4	4	1	3	3	3	2	4	2	2	1	1
reference	BlKlaRi08	Klamath	BlKlaRi	1	1	1	1	3	3	1	4	2	4	3	3	3	1	2	2	1	3	3	1	3	3	3	3	3	4	2	4	1	1	1	1	2	4	4	3	4	4	2	2	2	2	1	1	2	1	1	1	1	1	1	1	2	4	1	1	1	3	1	1	2	2	4	4	1	1	2	3	1	1	1	1	4	4	1	1	4	4	4	4	1	3	3	1	4	4	2	2	1	1
reference	BlKlaRi09	Klamath	BlKlaRi	1	4	3	1	3	3	1	4	4	4	3	3	1	1	2	1	1	3	3	1	3	3	3	3	3	3	2	4	1	1	1	2	4	4	4	3	1	4	1	2	2	2	2	1	1	1	2	1	1	3	1	1	2	4	2	1	3	3	4	1	2	2	4	4	1	1	2	3	1	1	3	1	4	4	1	1	4	4	4	4	1	3	3	3	2	2	2	2	4	1
reference	BlKlaRi10	Klamath	BlKlaRi	1	1	3	1	4	4	4	4	4	4	3	3	1	1	2	2	1	3	3	1	1	1	3	3	3	4	4	4	1	1	1	2	4	4	4	4	4	4	2	2	4	2	1	1	1	1	1	1	3	3	1	1	4	4	2	1	1	1	4	1	2	2	4	4	3	3	3	3	1	1	3	1	4	4	1	1	4	4	4	4	1	1	1	1	2	4	2	2	4	1
reference	BlKlaRi11	Klamath	BlKlaRi	1	1	1	1	4	4	4	4	4	4	1	1	3	1	2	1	1	3	3	1	1	3	2	3	3	4	2	4	2	2	1	2	2	2	3	3	1	4	1	2	4	2	1	1	1	1	1	1	1	3	1	1	4	4	1	1	1	1	1	1	2	2	4	4	1	3	3	3	1	1	3	1	4	1	1	1	4	4	4	4	1	3	3	1	2	4	2	2	1	1
reference	BlKlaRi12	Klamath	BlKlaRi	1	4	1	1	3	3	1	1	4	4	3	3	3	1	2	2	3	3	1	1	1	3	3	3	3	3	2	4	2	2	2	2	4	4	4	4	4	4	2	2	4	4	2	1	1	1	2	2	1	1	1	1	2	4	1	1	1	3	1	1	2	2	4	4	1	1	2	3	1	1	1	1	4	4	3	3	3	4	4	4	1	1	3	1	4	4	2	2	1	1
reference	BlKlaRi13	Klamath	BlKlaRi	1	1	1	1	3	3	1	1	4	4	3	3	3	1	2	2	1	3	3	1	3	3	3	3	3	3	4	4	2	2	1	2	4	4	4	3	1	4	2	2	4	4	1	1	1	1	1	1	1	1	1	1	4	4	1	1	3	3	1	1	2	2	4	4	1	1	2	3	1	1	3	1	4	4	1	1	3	4	4	4	1	1	3	1	2	2	2	2	4	4
reference	BlKlaRi14	Klamath	BlKlaRi	1	4	3	1	4	4	4	4	4	4	3	3	1	1	2	1	1	3	3	1	1	3	3	3	3	4	2	4	1	1	1	2	4	4	3	3	4	4	1	2	4	4	2	1	1	1	1	1	1	1	1	1	2	2	1	1	3	3	1	1	2	4	4	4	1	3	2	3	1	1	1	1	4	1	1	1	3	4	4	4	3	3	3	1	2	4	2	2	4	1
reference	BlKlaRi15	Klamath	BlKlaRi	1	4	1	1	3	3	4	4	4	4	3	1	1	1	2	2	1	3	3	1	3	3	2	3	4	4	4	4	2	2	1	2	4	4	4	3	4	4	1	2	4	4	1	1	1	1	1	1	1	3	1	1	2	2	1	1	1	3	1	1	2	2	4	4	1	1	2	3	1	1	1	1	4	4	1	3	4	4	4	4	1	3	3	1	2	4	2	2	1	1
reference	BlKlaRi16	Klamath	BlKlaRi	1	1	1	1	4	4	4	4	2	4	3	3	3	3	2	2	1	3	1	1	3	3	3	3	3	3	2	4	2	2	1	2	4	4	4	4	1	4	1	2	4	4	1	1	1	1	NA	NA	1	3	1	1	2	2	1	1	1	1	4	1	2	4	4	4	1	1	3	3	1	3	3	1	1	1	1	3	4	4	4	4	1	3	1	1	2	2	2	2	4	1
reference	BlKlaRi17	Klamath	BlKlaRi	1	1	1	1	4	4	1	4	2	4	3	3	3	1	2	1	1	3	3	1	3	3	3	3	3	3	2	4	2	2	2	2	2	2	4	3	4	4	1	2	4	2	1	1	2	1	1	1	1	1	1	1	2	4	1	1	1	3	1	1	2	2	4	4	1	3	3	3	1	1	1	1	4	4	1	1	4	4	4	4	1	3	3	1	4	4	2	2	1	1
reference	BlKlaRi18	Klamath	BlKlaRi	1	4	1	1	3	3	4	4	2	4	1	1	3	3	2	2	1	1	1	1	3	3	3	3	3	3	2	4	1	1	1	1	4	4	4	4	4	4	2	2	2	2	2	2	1	1	NA	NA	1	1	1	1	2	2	1	1	3	3	1	1	2	2	4	4	1	3	2	3	1	1	1	1	4	4	3	3	4	4	4	4	1	3	3	3	2	4	2	2	4	4
reference	BlKlaRi19	Klamath	BlKlaRi	1	4	3	1	3	4	1	1	2	4	3	1	1	1	2	2	1	3	3	1	3	3	3	3	3	4	4	4	1	1	1	2	4	4	3	3	1	4	1	2	4	2	1	1	1	1	1	1	1	3	1	1	4	4	1	1	1	3	4	4	2	2	4	4	1	1	3	3	1	3	1	1	4	4	1	3	4	4	4	4	3	3	3	1	2	2	4	2	4	1
reference	BlKlaRi20	Klamath	BlKlaRi	4	4	1	1	3	4	1	4	2	4	3	3	3	1	2	1	3	3	1	1	1	3	2	2	3	4	2	4	1	1	1	2	4	4	4	4	1	4	2	2	2	2	2	1	1	1	1	1	1	3	1	1	2	4	2	1	3	3	1	1	2	2	4	4	1	3	2	2	1	3	3	1	4	4	1	3	3	3	4	4	1	1	3	1	2	4	2	2	4	4
reference	BlKlaRi21	Klamath	BlKlaRi	1	1	1	1	3	3	1	4	2	2	3	1	3	1	2	2	1	1	3	3	1	3	2	3	3	3	4	4	1	1	1	2	2	4	4	3	4	4	1	2	4	2	2	2	1	1	1	1	1	3	1	1	2	4	2	2	3	3	4	1	2	2	4	4	1	1	2	3	1	1	3	1	4	1	1	1	4	4	4	4	1	3	1	1	4	4	2	2	4	1
reference	BlKlaRi22	Klamath	BlKlaRi	1	1	1	1	3	4	1	4	2	4	3	1	3	1	2	2	3	3	3	1	1	3	3	3	3	3	4	4	1	1	2	2	2	4	4	3	1	4	2	2	4	2	1	1	2	1	2	1	1	1	1	1	2	4	1	1	3	3	1	1	2	4	4	4	1	3	2	3	1	1	1	1	4	4	1	1	4	4	4	4	3	3	3	1	4	4	4	2	4	1
reference	BlKlaRi23	Klamath	BlKlaRi	1	1	3	1	3	4	1	4	2	4	3	3	3	1	2	2	1	3	3	1	1	3	3	3	3	4	2	4	1	1	2	2	4	4	4	3	4	4	2	2	2	2	1	1	2	1	2	2	1	3	1	1	2	2	2	1	1	3	4	1	2	4	4	4	1	3	3	3	1	3	1	1	4	1	1	3	4	4	4	4	1	1	1	1	2	2	4	2	1	1
reference	BlKlaRi24	Klamath	BlKlaRi	1	1	1	1	3	3	4	4	2	4	3	1	1	1	2	2	3	3	3	3	1	1	3	3	3	4	2	2	1	1	1	2	4	4	4	4	4	4	2	2	4	4	2	1	1	1	1	1	1	3	1	1	2	4	1	1	3	3	1	1	2	4	4	4	3	3	2	2	1	1	1	1	4	4	1	3	3	4	4	4	1	3	1	1	2	4	2	2	4	1
reference	BlKlaRi25	Klamath	BlKlaRi	1	1	1	1	3	4	1	4	4	4	3	3	1	1	2	2	1	3	1	1	3	3	3	3	4	4	2	4	2	2	1	1	4	4	4	3	4	4	1	2	4	2	2	1	1	1	1	1	1	3	1	1	4	4	1	1	1	1	4	1	2	2	1	4	1	3	2	3	1	1	3	1	4	1	3	3	4	4	4	4	1	3	3	1	2	2	2	2	4	1
reference	BlKlaRi26	Klamath	BlKlaRi	1	1	1	1	4	4	4	4	4	4	3	1	3	1	2	2	1	3	3	1	1	1	3	3	4	4	2	4	1	1	1	2	2	4	3	3	4	4	2	2	4	4	1	1	1	1	1	1	1	3	1	1	2	4	2	1	1	3	4	1	4	4	1	4	3	3	3	3	1	1	3	3	4	1	1	3	4	4	4	4	3	3	1	1	2	4	2	2	1	1
reference	BlKlaRi27	Klamath	BlKlaRi	1	1	3	1	4	4	4	4	2	4	3	3	1	1	2	1	3	3	3	1	1	3	3	3	4	4	2	4	2	2	1	2	4	4	4	3	4	4	2	2	2	2	1	1	1	1	2	1	1	3	1	1	2	4	1	1	3	3	1	1	2	2	4	4	1	3	3	3	1	1	3	1	4	4	1	3	4	4	4	4	1	3	1	1	4	4	2	2	1	1
reference	BlKlaRi28	Klamath	BlKlaRi	1	4	1	1	3	3	1	4	4	4	3	3	1	1	2	1	1	3	3	3	3	3	3	3	3	3	2	2	1	1	1	2	4	4	4	3	1	4	2	2	4	4	2	2	1	1	2	1	1	3	1	1	4	4	2	2	1	1	4	1	2	2	4	4	1	3	2	3	1	1	3	1	4	1	3	3	4	4	4	4	1	1	1	1	2	4	2	2	4	1
reference	BlKlaRi29	Klamath	BlKlaRi	1	4	1	1	4	4	1	4	2	4	3	1	3	1	1	1	1	3	3	1	3	3	3	3	4	4	2	4	2	2	1	2	4	4	4	3	4	4	1	2	4	4	2	1	1	1	1	1	3	3	1	1	2	2	1	1	1	1	1	1	2	4	4	4	1	3	3	3	1	1	3	3	4	4	3	3	4	4	4	4	3	3	3	3	2	4	2	2	1	1
reference	BlKlaRi30	Klamath	BlKlaRi	1	1	1	1	3	4	1	4	4	4	3	3	1	1	2	2	1	1	1	1	3	3	3	3	3	4	4	4	2	2	2	2	4	4	3	3	4	4	1	1	4	2	1	1	1	1	1	1	1	3	1	1	4	4	2	1	3	3	1	1	2	2	4	4	1	3	2	3	1	1	1	1	4	4	1	3	3	3	4	4	1	3	3	1	4	4	4	2	4	1
reference	BlKlaRi31	Klamath	BlKlaRi	1	4	3	1	3	4	1	4	2	4	3	1	1	1	2	2	1	3	3	1	3	3	3	3	3	4	2	4	1	1	1	2	4	4	4	3	NA	NA	2	2	4	2	1	1	1	1	1	1	1	3	1	1	2	2	2	1	3	3	1	1	2	2	4	4	3	3	2	3	1	1	1	1	4	4	1	1	4	4	4	4	1	1	3	1	2	4	2	2	1	1
reference	BlKlaRi32	Klamath	BlKlaRi	1	1	1	1	3	4	1	4	2	4	1	1	1	1	2	1	3	3	1	1	3	3	2	3	3	4	4	4	2	2	1	1	2	4	4	3	4	4	1	1	4	4	1	1	1	1	2	2	1	1	1	1	4	4	2	1	1	3	4	1	2	2	4	4	1	3	2	2	1	1	1	1	4	4	1	3	4	4	4	4	1	3	3	1	4	4	2	2	1	1
reference	HuKlaRi01	Klamath	HuKlaRi	1	1	3	1	3	4	4	4	2	4	3	3	1	1	2	2	1	1	1	1	1	1	3	3	3	4	2	4	1	1	2	2	2	2	4	3	1	4	2	2	4	2	2	1	1	1	1	1	1	3	1	1	2	4	2	2	1	3	1	1	2	4	4	4	1	1	2	3	1	1	1	1	4	4	1	1	4	4	4	4	3	3	1	1	2	4	4	2	4	1
reference	HuKlaRi03	Klamath	HuKlaRi	1	4	3	1	3	4	4	4	2	2	3	3	NA	NA	2	1	1	1	3	1	1	3	3	3	4	4	2	2	1	1	1	2	2	4	3	3	4	4	2	2	2	2	2	1	1	1	1	1	1	3	1	1	2	2	2	1	1	3	4	1	2	2	4	4	1	3	2	3	1	1	3	3	4	4	1	3	4	4	4	4	1	1	1	1	2	4	2	2	4	1
reference	HuKlaRi05	Klamath	HuKlaRi	1	1	1	1	3	4	1	4	4	4	3	3	1	1	2	2	1	3	3	1	3	3	3	3	3	4	4	4	1	1	1	2	4	4	4	4	1	4	1	2	2	2	1	1	2	1	1	1	1	3	1	1	2	4	1	1	1	1	4	1	2	4	4	4	1	1	2	3	1	1	3	1	4	1	1	3	4	4	4	4	1	1	3	1	4	4	2	2	4	1
reference	HuKlaRi06	Klamath	HuKlaRi	1	1	3	1	3	4	4	4	2	4	3	3	3	3	2	1	1	1	1	1	3	3	3	3	4	4	2	4	2	1	1	2	2	4	3	3	1	4	1	2	2	2	1	1	1	1	1	1	1	3	1	1	4	4	1	1	1	3	4	1	2	2	4	4	1	3	2	3	1	1	1	1	4	4	1	3	4	4	4	4	1	1	1	1	2	4	2	2	4	1
reference	HuKlaRi07	Klamath	HuKlaRi	1	1	3	1	4	4	NA	NA	4	4	3	3	3	1	1	1	3	3	1	1	1	1	3	3	3	4	4	4	1	1	1	2	2	4	4	3	1	4	2	2	4	2	2	1	2	1	1	1	3	3	1	1	2	4	2	1	1	3	1	1	2	4	1	4	1	3	3	3	1	1	3	1	4	4	1	3	3	4	4	4	1	3	3	1	2	4	4	2	4	4
reference	HuKlaRi08	Klamath	HuKlaRi	1	1	3	1	3	4	4	4	2	2	3	3	1	1	2	1	1	1	1	1	3	3	3	3	4	4	2	2	2	1	2	2	2	4	4	3	1	4	2	2	2	2	1	1	1	1	1	1	1	3	1	1	2	4	1	1	1	3	4	1	2	2	4	4	1	1	3	3	1	1	3	3	4	4	1	3	4	4	4	4	3	3	1	1	4	4	2	2	4	1
reference	HuKlaRi09	Klamath	HuKlaRi	1	1	1	1	4	4	1	4	4	4	3	3	3	1	2	1	3	3	1	1	1	3	3	3	3	4	2	4	1	1	1	2	2	4	4	3	1	4	2	2	2	2	1	1	2	1	1	1	3	3	1	1	4	4	2	1	1	3	1	1	2	4	1	4	1	3	3	3	1	1	1	1	4	4	1	3	3	4	4	4	1	3	3	1	4	4	4	2	4	4
reference	HuKlaRi10	Klamath	HuKlaRi	1	1	1	1	3	4	1	1	4	4	3	3	3	1	2	2	3	3	3	1	3	3	3	3	3	3	2	4	2	1	1	1	4	4	4	4	1	4	1	2	4	2	1	1	2	1	1	1	1	3	1	1	2	4	1	1	1	3	4	1	2	2	1	4	1	3	2	3	1	1	1	1	4	4	1	3	4	4	4	4	3	3	1	1	4	4	2	2	4	1
reference	HuKlaRi11	Klamath	HuKlaRi	1	4	1	1	3	4	1	4	4	4	1	1	3	3	1	1	1	1	3	1	3	3	2	3	3	3	2	4	1	1	1	2	4	4	4	4	1	4	1	2	4	2	2	1	1	1	1	1	1	3	1	1	2	4	1	1	1	3	1	1	2	2	4	4	1	1	3	3	1	3	1	1	1	1	1	1	4	4	4	4	1	1	3	3	2	2	2	2	4	1
reference	HuKlaRi12	Klamath	HuKlaRi	1	1	3	1	4	4	4	4	4	4	3	3	1	1	2	2	1	1	1	1	1	3	3	3	4	4	4	4	1	1	1	1	2	4	3	3	4	4	2	2	4	4	2	1	1	1	1	1	1	3	1	1	4	4	1	1	3	3	1	1	2	4	4	4	1	1	2	3	1	1	3	3	4	1	1	3	4	4	4	4	1	3	1	1	2	4	4	2	4	1
reference	HuKlaRi13	Klamath	HuKlaRi	1	1	3	1	3	4	4	4	2	2	3	1	1	1	2	2	1	1	1	1	1	3	2	3	4	4	2	2	2	1	1	2	2	4	4	3	1	4	1	2	2	2	2	1	1	1	1	1	1	1	1	1	2	4	2	1	1	3	4	1	2	4	4	4	1	3	2	3	1	3	1	1	4	4	1	3	4	4	4	4	1	1	1	1	2	4	2	2	4	1
reference	HuKlaRi14	Klamath	HuKlaRi	1	4	1	1	3	3	1	4	2	4	3	3	3	3	2	2	1	1	3	1	1	1	2	3	3	4	2	4	1	1	1	2	2	4	4	4	1	4	1	2	4	4	2	1	1	1	1	1	3	3	1	4	2	4	1	1	3	3	1	1	2	4	4	4	3	3	2	2	1	3	1	1	4	1	1	1	4	4	4	4	1	3	3	1	2	2	4	2	4	1
reference	HuKlaRi15	Klamath	HuKlaRi	1	1	3	1	3	4	4	4	4	4	3	1	3	1	2	1	1	1	3	1	1	3	2	3	4	4	2	4	1	1	1	2	2	2	3	3	4	4	2	2	2	2	2	1	1	1	1	1	1	3	1	1	2	4	1	1	1	3	4	1	2	2	4	4	1	3	3	3	1	1	3	3	4	4	1	3	4	4	4	4	1	1	1	1	2	4	2	2	4	1
reference	HuKlaRi16	Klamath	HuKlaRi	4	4	3	3	3	3	4	4	4	4	3	3	3	3	2	2	1	1	3	3	3	3	3	3	4	4	4	4	1	1	2	2	4	4	4	4	4	4	1	1	2	2	1	1	1	1	2	2	NA	NA	1	1	2	2	2	2	NA	NA	1	1	2	2	4	4	1	3	3	3	1	1	1	1	4	4	1	1	4	4	4	4	1	1	1	1	4	4	2	2	1	1
reference	HuKlaRi18	Klamath	HuKlaRi	1	1	3	1	3	4	1	4	4	4	1	1	3	1	2	1	3	3	1	1	1	3	3	3	3	3	4	4	1	1	1	1	2	4	3	3	1	1	2	2	4	4	1	1	2	1	1	1	1	3	1	1	2	4	2	1	1	1	1	1	4	4	4	4	1	1	2	2	1	3	3	1	4	1	1	1	4	4	4	4	1	1	1	1	4	4	2	2	4	1
reference	HuKlaRi19	Klamath	HuKlaRi	1	4	1	1	4	4	1	4	4	4	3	3	3	1	2	2	1	3	3	1	1	3	3	3	3	4	2	4	1	1	1	2	2	4	4	3	1	4	2	2	4	2	2	1	2	1	1	1	3	3	1	1	4	4	2	1	1	3	1	1	2	4	1	4	1	3	2	3	1	1	1	1	4	4	1	3	4	4	4	4	1	3	1	1	4	4	4	2	4	4
reference	HuKlaRi20	Klamath	HuKlaRi	1	1	3	1	3	4	4	4	2	2	3	1	3	1	2	2	1	3	3	1	3	3	3	3	3	4	2	4	2	1	1	1	2	4	4	3	1	4	2	2	4	2	1	1	1	1	1	1	1	3	1	1	2	4	2	1	3	3	1	1	2	2	4	4	1	3	2	2	1	3	1	1	4	1	1	3	4	4	4	4	1	3	1	1	2	4	2	2	1	1
reference	HuKlaRi21	Klamath	HuKlaRi	1	4	1	1	3	4	1	1	4	4	3	3	3	1	2	1	3	3	3	1	3	3	3	3	3	4	4	4	2	1	1	1	4	4	4	4	1	4	1	2	2	2	1	1	1	1	1	1	1	3	1	1	2	4	1	1	1	3	4	1	2	2	4	4	1	3	2	3	1	1	1	1	4	4	1	3	3	3	4	4	1	1	1	1	4	4	2	2	4	4
reference	HuKlaRi22	Klamath	HuKlaRi	1	1	3	1	3	4	1	4	4	4	1	1	1	1	2	1	3	3	3	1	1	3	3	3	3	3	2	4	1	1	1	1	2	4	3	3	1	4	2	2	4	2	1	1	1	1	1	1	1	3	1	1	2	4	2	1	1	1	1	1	4	4	4	4	1	1	3	3	1	1	1	1	4	1	1	1	4	4	4	4	1	1	1	1	2	4	2	2	4	1
reference	HuKlaRi23	Klamath	HuKlaRi	1	1	3	1	3	4	4	4	4	4	3	3	3	1	2	2	1	1	1	1	1	3	2	3	4	4	2	2	2	1	1	2	4	4	3	3	1	4	2	2	2	2	1	1	1	1	1	1	1	3	1	1	2	4	2	1	3	3	4	1	2	2	4	4	1	1	3	3	1	3	3	1	4	1	1	3	4	4	4	4	1	1	3	1	2	4	2	2	4	1
reference	HuKlaRi24	Klamath	HuKlaRi	1	4	3	1	3	4	4	4	4	4	3	1	3	3	2	2	1	1	3	1	1	3	2	3	4	4	2	4	1	1	1	2	2	2	4	3	1	4	1	2	2	2	1	1	1	1	1	1	1	3	1	1	2	4	1	1	1	3	4	1	2	2	4	4	1	3	2	3	1	3	3	1	4	4	1	3	4	4	4	4	1	3	1	1	2	4	2	2	4	1
reference	HuKlaRi25	Klamath	HuKlaRi	1	1	3	1	3	4	1	1	4	4	3	3	3	1	2	1	3	3	1	1	1	3	3	3	3	3	2	4	1	1	1	1	4	4	4	4	1	1	2	2	4	2	1	1	2	1	1	1	1	3	1	1	4	4	2	1	1	3	1	1	2	2	4	4	1	3	2	2	1	1	1	1	4	4	1	3	4	4	4	4	1	3	1	1	2	4	2	2	1	1
reference	HuKlaRi26	Klamath	HuKlaRi	1	1	1	1	3	4	1	4	4	4	1	1	1	1	2	1	3	3	3	1	3	3	2	3	3	3	2	4	1	1	1	2	2	4	4	3	1	4	2	2	4	4	1	1	2	1	1	1	1	3	1	1	2	2	1	1	1	3	1	1	2	4	4	4	1	1	3	3	1	3	3	1	4	1	1	1	4	4	4	4	1	1	1	1	2	4	2	2	4	1
reference	HuKlaRi27	Klamath	HuKlaRi	1	4	3	1	3	4	1	1	4	4	3	3	3	1	2	2	3	3	3	3	3	3	3	3	3	4	2	4	2	1	1	1	4	4	4	4	1	4	1	2	4	2	1	1	1	1	1	1	1	3	1	1	2	2	1	1	3	3	1	1	2	2	4	4	1	1	2	3	1	1	1	1	4	4	1	3	3	4	4	4	1	1	1	1	2	4	2	2	4	4
reference	HuKlaRi28	Klamath	HuKlaRi	1	1	1	1	3	4	4	4	4	4	3	3	3	1	2	1	1	1	3	3	1	3	2	3	3	4	2	2	1	1	1	2	2	4	4	3	1	4	2	2	2	2	1	1	1	1	1	1	1	3	1	4	2	4	2	2	1	3	4	4	2	4	1	4	1	1	2	3	1	1	1	1	4	1	1	3	4	4	4	4	1	3	3	1	2	4	2	2	4	1
reference	HuKlaRi29	Klamath	HuKlaRi	1	1	1	1	3	4	4	4	2	4	3	3	3	1	2	1	1	1	1	1	1	3	2	3	4	4	2	4	2	1	2	2	4	4	4	4	4	4	2	2	2	2	1	1	1	1	1	1	3	3	1	1	4	4	1	1	3	3	1	1	2	2	1	4	1	1	3	3	1	3	3	1	4	1	1	3	4	4	4	4	1	1	1	1	2	4	2	2	4	1
reference	HuKlaRi30	Klamath	HuKlaRi	1	1	3	1	3	3	1	4	2	4	3	1	3	3	2	2	1	1	1	1	1	1	2	3	4	4	2	2	1	1	1	1	2	4	4	3	4	4	2	2	4	4	2	1	1	1	1	1	1	3	1	1	2	4	2	1	3	3	1	1	2	2	4	4	1	1	2	3	1	3	3	1	4	1	1	3	4	4	4	4	1	1	1	1	4	4	2	2	1	1
reference	HuKlaRi31	Klamath	HuKlaRi	1	1	1	1	3	4	4	4	2	4	3	3	1	1	2	1	1	1	3	1	1	3	2	3	4	4	2	2	2	2	2	2	4	4	4	3	4	4	2	2	2	2	1	1	1	1	1	1	1	3	1	1	2	2	1	1	3	3	1	1	2	2	1	4	1	1	3	3	1	3	3	3	4	1	1	3	4	4	4	4	1	1	3	1	2	4	2	2	4	1
reference	LstMaCk01	Klamath	LstMaCk	1	1	1	1	3	3	1	4	4	4	3	1	3	1	2	2	3	3	3	1	3	3	3	3	3	3	2	4	1	1	1	2	2	4	3	3	1	4	2	2	2	2	2	1	1	1	2	1	3	3	1	1	4	4	1	1	1	1	1	1	2	2	4	4	3	3	2	3	1	3	3	3	4	4	1	3	4	4	4	4	1	1	3	1	2	2	4	2	1	1
reference	LstMaCk02	Klamath	LstMaCk	1	4	1	1	3	4	4	4	2	4	1	1	1	1	2	2	1	3	3	1	1	1	3	3	3	3	4	4	NA	NA	2	2	4	4	4	3	1	4	2	2	4	4	2	1	1	1	2	1	3	3	1	1	2	2	2	1	1	3	4	1	2	4	4	4	1	3	2	3	1	3	3	1	4	4	1	1	4	4	4	4	1	3	3	1	2	2	2	2	4	4
reference	LstMaCk03	Klamath	LstMaCk	4	4	3	1	4	4	1	1	4	4	3	1	3	3	2	2	1	1	3	3	1	3	3	3	3	3	2	4	1	1	1	2	4	4	4	3	1	1	2	2	4	2	2	1	1	1	1	1	3	3	1	1	2	4	1	1	3	3	1	1	2	2	4	4	1	3	2	3	1	1	3	1	4	4	1	3	4	4	4	1	1	1	1	1	2	2	2	2	1	1
reference	LstMaCk04	Klamath	LstMaCk	1	4	3	3	4	4	1	4	2	4	1	1	3	1	2	1	1	3	3	3	3	3	3	3	3	3	2	2	1	1	1	1	2	2	3	3	4	4	1	2	2	2	1	1	1	1	1	1	3	3	1	1	2	4	1	1	1	3	4	1	2	2	4	4	1	3	3	3	1	3	3	1	4	4	1	3	4	4	4	1	1	1	3	1	2	4	2	2	1	1
reference	LstMaCk05	Klamath	LstMaCk	1	1	1	1	3	4	4	4	2	4	3	3	1	1	2	2	1	1	3	1	1	1	2	2	4	4	2	2	1	1	2	2	4	4	3	3	1	4	1	1	4	2	2	1	1	1	1	1	1	3	1	4	2	2	1	1	3	3	4	1	2	2	4	4	1	1	2	2	1	1	1	1	4	1	3	3	4	4	4	4	1	3	3	1	2	4	2	2	4	1
reference	LstMaCk06	Klamath	LstMaCk	1	4	3	1	3	4	1	4	2	4	1	1	3	1	2	2	1	1	3	1	1	3	3	3	3	3	2	4	1	1	1	2	4	4	3	3	1	1	2	2	4	2	2	1	1	1	2	1	1	3	1	1	2	2	1	1	3	3	1	1	2	4	4	4	1	1	2	3	1	1	3	1	4	1	1	3	3	4	4	1	1	1	1	1	2	4	4	2	1	1
reference	LstMaCk07	Klamath	LstMaCk	1	4	3	3	3	4	1	4	4	4	3	3	1	1	2	2	1	1	3	1	1	3	2	3	3	3	4	4	2	2	1	1	2	4	4	3	1	1	2	2	4	2	1	1	1	1	1	1	3	3	1	1	2	4	2	1	1	3	1	1	2	2	4	4	1	1	3	3	1	3	3	1	4	1	1	1	4	4	4	4	1	1	3	1	4	4	2	2	4	1
reference	LstMaCk08	Klamath	LstMaCk	1	4	3	1	3	3	4	4	2	4	3	1	3	3	2	2	3	3	3	1	1	1	3	3	3	4	2	4	1	1	1	2	2	4	4	4	1	1	1	2	2	2	1	1	1	1	2	1	1	3	1	1	4	4	1	1	3	3	1	1	2	4	4	4	1	3	2	2	1	1	1	1	4	4	3	3	3	4	4	4	1	1	1	1	2	2	2	2	4	1
reference	LstMaCk09	Klamath	LstMaCk	1	1	1	1	3	3	4	4	2	2	1	1	3	1	2	2	1	3	3	1	3	3	2	2	3	3	4	4	1	1	1	2	2	2	4	4	1	1	1	2	2	2	1	1	1	1	2	1	1	3	1	1	2	2	2	1	3	3	1	1	2	2	4	4	3	3	2	3	1	1	3	1	4	1	1	3	3	4	4	4	1	3	1	1	2	4	2	2	4	4
reference	LstMaCk10	Klamath	LstMaCk	4	4	1	1	3	4	4	4	2	4	3	3	1	1	2	2	1	3	3	1	1	3	2	3	3	3	2	2	2	2	1	2	4	4	4	3	4	4	2	2	4	2	1	1	1	1	1	1	1	3	1	1	2	2	1	1	1	3	4	1	2	4	1	1	1	1	2	3	1	3	3	3	4	1	1	1	3	4	4	4	1	3	1	1	2	2	4	2	4	1
reference	LstMaCk11	Klamath	LstMaCk	1	4	1	1	3	4	4	4	2	2	3	3	1	1	2	2	1	3	3	1	1	1	2	2	3	3	2	4	2	2	1	2	2	2	4	3	4	4	2	2	4	2	2	1	1	1	1	1	1	3	1	4	2	2	1	1	3	3	4	1	2	4	4	4	1	1	3	3	1	1	3	1	4	1	1	1	4	4	4	4	3	3	1	1	2	4	4	2	1	1
reference	LstMaCk12	Klamath	LstMaCk	1	4	1	1	3	4	4	4	2	4	3	1	3	1	2	2	1	3	3	3	1	3	3	3	3	3	2	4	1	1	2	2	2	4	4	4	1	4	1	2	4	2	1	1	1	1	1	1	3	3	1	1	2	2	1	1	1	3	1	1	4	4	4	4	1	3	3	3	1	1	1	1	4	1	1	3	4	4	4	4	1	3	3	1	2	4	2	2	1	1
reference	LstMaCk13	Klamath	LstMaCk	1	1	1	1	3	3	1	4	4	4	3	1	3	1	2	1	1	3	1	1	3	3	3	3	4	4	2	4	1	1	1	2	4	4	4	3	1	1	2	2	2	2	1	1	1	1	2	1	1	1	1	1	2	4	2	1	1	1	1	1	2	4	4	4	1	3	2	2	1	3	1	1	4	4	1	3	4	4	4	4	1	3	1	1	2	2	4	2	4	1
reference	LstMaCk14	Klamath	LstMaCk	1	4	3	1	3	3	1	4	4	4	3	1	3	1	2	2	1	3	3	1	1	3	3	3	3	3	2	4	1	1	1	2	4	4	4	3	1	1	2	2	2	2	1	1	1	1	2	1	3	3	1	1	2	4	1	1	1	3	1	1	4	4	4	4	1	3	2	2	1	3	1	1	4	1	1	3	4	4	4	4	1	3	1	1	2	4	2	2	1	1
reference	LstMaCk15	Klamath	LstMaCk	1	4	3	3	4	4	4	4	4	4	3	3	1	1	2	2	3	3	3	1	1	1	2	3	3	3	2	4	1	1	1	2	2	4	3	3	1	4	2	2	4	4	1	1	1	1	1	1	3	3	1	1	2	4	1	1	1	3	4	1	2	2	4	4	1	3	2	2	3	3	1	1	4	4	1	1	4	4	4	4	1	1	1	1	4	4	2	2	1	1
reference	LstMaCk16	Klamath	LstMaCk	4	4	1	1	3	4	1	4	2	2	3	1	1	1	2	2	1	3	3	1	1	1	2	2	3	3	2	2	1	1	2	2	4	4	4	4	1	4	1	2	4	2	1	1	1	1	1	1	1	1	1	4	2	2	1	1	1	1	1	1	2	4	1	4	1	1	2	3	1	3	3	1	4	1	1	1	4	4	4	4	1	3	1	1	2	2	2	2	4	1
reference	LstMaCk17	Klamath	LstMaCk	1	4	1	1	3	3	4	4	4	4	3	1	3	3	2	2	3	3	1	1	1	3	3	3	3	3	4	4	1	1	2	2	2	4	3	3	1	1	2	2	4	2	2	1	1	1	1	1	1	3	1	1	2	4	1	1	1	3	4	1	2	2	4	4	3	3	2	2	1	3	3	1	4	4	1	1	4	4	4	4	1	1	1	1	2	4	2	2	1	1
reference	LstMaCk18	Klamath	LstMaCk	1	4	1	1	3	4	1	4	2	2	3	1	3	1	2	2	1	3	3	3	3	3	3	3	3	3	2	4	2	2	1	2	4	4	3	3	1	4	2	2	2	2	2	1	1	1	2	1	1	1	1	1	2	4	1	1	1	1	1	1	2	4	4	4	1	1	2	3	3	3	1	1	4	4	1	3	3	4	4	1	1	1	1	1	2	2	4	2	4	1
reference	LstMaCk19	Klamath	LstMaCk	1	4	1	1	3	4	1	1	2	2	3	1	3	1	2	1	1	3	3	1	1	3	3	3	3	4	2	4	1	1	1	1	4	4	4	3	4	4	1	2	4	2	1	1	2	1	2	1	1	1	1	1	2	2	2	1	1	3	1	1	2	2	4	4	1	3	2	3	1	1	3	1	4	4	1	1	4	4	4	1	1	3	3	1	2	4	2	2	4	1
reference	LstMaCk20	Klamath	LstMaCk	1	1	1	1	3	4	4	4	4	4	1	1	3	1	2	2	1	1	1	1	1	3	3	3	3	4	4	4	1	1	2	2	2	2	3	3	1	1	2	2	4	2	2	1	1	1	2	1	1	3	1	1	2	4	1	1	1	3	4	4	2	2	4	4	1	3	2	3	3	3	3	1	4	4	3	3	4	4	4	1	1	3	1	1	2	4	2	2	4	1
reference	LstMaCk21	Klamath	LstMaCk	1	4	3	1	3	3	1	4	2	4	3	1	1	1	2	1	1	3	1	1	1	1	3	3	3	3	2	4	1	1	1	2	2	4	3	3	1	1	2	2	4	2	1	1	1	1	1	1	1	1	1	1	2	2	2	1	3	3	1	1	2	4	4	4	1	3	2	2	1	3	1	1	4	4	1	3	4	4	4	4	3	3	1	1	2	2	2	2	4	1
reference	LstMaCk22	Klamath	LstMaCk	1	4	3	1	3	3	1	1	4	4	3	3	3	3	2	2	3	3	1	1	1	3	2	3	3	4	2	4	1	1	1	2	4	4	3	3	1	1	2	2	2	2	1	1	1	1	2	1	1	3	1	1	2	4	2	1	1	3	4	1	2	2	4	4	3	3	3	3	3	3	3	1	4	4	1	1	4	4	4	4	1	1	1	1	4	4	2	2	4	1
reference	LstMaCk23	Klamath	LstMaCk	1	1	3	1	3	3	4	4	2	4	1	1	1	1	2	1	1	3	3	1	1	3	2	3	3	4	4	4	1	1	1	2	2	2	4	4	1	4	2	2	4	2	1	1	1	1	2	1	3	3	1	1	2	4	2	1	3	3	1	1	2	2	4	4	3	3	2	3	1	1	3	1	4	1	1	3	3	4	4	4	1	1	1	1	2	2	2	2	4	4
reference	LstMaCk24	Klamath	LstMaCk	1	1	1	1	3	3	1	4	2	4	3	1	1	1	2	1	1	1	3	3	1	3	3	3	3	4	4	4	1	1	1	2	4	4	4	3	1	4	2	2	4	2	1	1	1	1	2	1	3	3	1	1	2	2	1	1	3	3	4	1	2	4	4	4	3	3	2	2	1	1	3	1	4	1	1	1	4	4	4	4	1	1	1	1	2	2	2	2	4	1
reference	LstMaCk25	Klamath	LstMaCk	4	4	1	1	3	3	1	1	2	4	3	1	3	1	2	1	1	3	3	3	3	3	3	3	3	4	4	4	1	1	1	1	4	4	4	3	4	4	1	2	4	2	1	1	2	1	1	1	1	1	1	1	2	2	2	2	1	3	1	1	2	2	4	4	1	3	2	3	1	1	3	3	4	4	1	1	4	4	4	1	1	3	3	1	2	4	2	2	4	1
reference	LstMaCk26	Klamath	LstMaCk	1	1	1	1	3	3	1	4	2	4	3	3	3	1	2	2	1	3	1	1	1	1	2	3	3	3	4	4	1	1	1	2	2	4	3	3	1	4	2	2	2	2	1	1	1	1	2	1	1	3	1	1	4	4	1	1	1	1	4	1	2	2	4	4	3	3	2	3	1	3	3	3	4	4	1	3	4	4	4	4	1	1	1	1	2	4	2	2	4	4
reference	LstMaCk27	Klamath	LstMaCk	1	4	3	1	3	3	1	4	2	4	3	3	1	1	2	1	3	3	1	1	1	1	2	2	3	3	2	4	1	1	1	2	2	4	3	3	1	4	2	2	4	4	1	1	1	1	1	1	1	3	1	1	2	4	1	1	1	3	4	4	2	4	4	4	1	1	2	2	1	3	3	1	4	4	3	3	4	4	4	4	1	3	1	1	2	4	2	2	1	1
reference	LstMaCk28	Klamath	LstMaCk	1	1	3	1	3	4	1	4	4	4	3	1	1	1	2	1	1	1	1	1	1	3	3	3	3	3	2	4	1	1	1	1	2	4	4	4	1	1	2	2	4	4	1	1	1	1	1	1	1	1	1	1	2	2	1	1	1	3	1	1	2	2	1	4	3	3	2	2	1	1	1	1	4	1	3	3	4	4	4	4	1	1	1	1	2	4	4	2	4	1
reference	LstMaCk29	Klamath	LstMaCk	1	4	1	1	3	4	1	1	4	4	1	1	1	1	2	2	1	3	3	1	1	3	3	3	3	4	2	4	2	2	1	2	4	4	4	3	1	4	2	2	4	2	1	1	1	1	2	1	3	3	1	1	4	4	2	1	3	3	4	1	2	2	1	4	1	1	2	2	1	1	1	1	4	4	1	3	3	4	4	4	1	1	3	1	2	4	2	2	1	1
reference	LstMaCk30	Klamath	LstMaCk	1	4	1	1	3	3	1	4	4	4	3	3	3	1	2	1	3	3	3	3	1	3	3	3	3	4	2	4	1	1	1	2	2	4	4	3	4	4	2	2	4	2	2	1	1	1	2	1	1	3	1	1	4	4	2	2	1	1	1	1	2	4	4	4	1	3	2	2	1	1	3	1	1	1	1	3	4	4	4	4	1	1	3	3	4	4	4	2	4	4
reference	LstMaCk31	Klamath	LstMaCk	4	4	3	1	3	3	1	4	2	4	3	1	3	3	2	2	1	3	3	1	1	3	2	3	3	3	4	4	1	1	1	2	2	2	4	3	1	1	1	2	4	2	1	1	1	1	1	1	1	1	1	1	4	4	1	1	1	3	1	1	2	4	4	4	1	3	2	2	1	3	1	1	4	4	3	3	3	4	4	4	3	3	1	1	2	2	2	2	4	1
reference	BlMadRi01	Klamath	BlMadRi	1	4	1	1	3	4	4	4	4	4	3	3	3	1	2	1	1	1	3	1	1	3	3	3	3	3	4	4	1	1	2	2	2	4	4	4	4	4	1	2	4	4	1	1	1	1	2	1	3	3	1	4	4	4	1	1	1	3	1	1	2	4	4	4	1	3	2	2	1	1	1	1	4	1	3	3	4	4	4	4	1	1	3	3	2	2	2	2	4	1
reference	BlMadRi02	Klamath	BlMadRi	1	1	1	1	3	3	1	4	2	4	3	3	3	1	2	2	3	3	1	1	1	1	2	3	3	3	4	4	1	1	1	2	4	4	4	3	1	4	2	2	4	4	1	1	1	1	1	1	1	3	1	1	2	4	1	1	1	3	4	1	2	2	4	4	1	3	2	3	1	3	3	1	4	4	3	3	4	4	4	4	1	1	1	1	2	4	2	2	1	1
reference	BlMadRi03	Klamath	BlMadRi	1	4	3	1	3	3	1	4	4	4	3	1	1	1	2	1	1	3	1	1	1	1	3	3	3	3	2	4	1	1	1	2	2	4	4	3	1	4	2	2	4	4	1	1	1	1	2	1	1	3	1	1	2	4	2	1	1	3	1	1	2	4	4	4	3	3	2	2	1	3	3	1	4	4	1	3	4	4	4	4	1	3	1	1	2	2	2	2	4	1
reference	BlMadRi04	Klamath	BlMadRi	1	4	3	1	3	4	4	4	4	4	3	3	3	3	2	2	3	3	1	1	1	1	3	3	3	4	4	4	2	1	1	2	2	4	3	3	1	4	2	2	4	4	1	1	1	1	2	1	1	1	1	1	2	4	2	1	1	3	4	1	4	4	1	4	1	3	2	2	1	3	3	1	4	4	3	3	3	4	4	4	1	1	3	1	2	4	2	2	4	1
reference	BlMadRi05	Klamath	BlMadRi	1	4	1	1	4	4	1	4	2	4	3	1	3	1	2	2	1	3	3	1	1	3	2	3	4	4	2	4	1	1	1	2	4	4	4	3	1	4	2	2	4	2	1	1	1	1	1	1	3	3	1	4	2	2	1	1	1	1	4	1	2	2	4	4	1	1	3	3	1	3	1	1	4	4	3	3	4	4	4	4	1	3	3	3	2	2	2	2	4	4
reference	BlMadRi06	Klamath	BlMadRi	1	4	1	1	4	4	1	4	4	4	3	3	3	1	2	1	3	3	1	1	1	1	3	3	3	4	2	4	1	1	1	2	2	4	3	3	1	4	2	2	4	4	1	1	1	1	1	1	1	1	1	1	2	2	2	1	1	3	4	1	4	4	4	4	1	3	2	2	1	3	3	1	4	4	1	3	3	4	4	4	1	1	1	1	2	2	2	2	4	1
reference	BlMadRi07	Klamath	BlMadRi	1	4	3	1	4	4	1	4	4	4	3	3	3	1	2	2	3	3	1	1	1	1	3	3	3	3	2	4	2	1	1	2	2	4	3	3	1	4	2	2	4	4	1	1	1	1	1	1	1	3	1	1	2	4	1	1	3	3	1	1	2	4	1	4	3	3	2	2	1	3	1	1	4	4	1	3	3	4	4	4	1	1	1	1	2	4	2	2	4	1
reference	BlMadRi08	Klamath	BlMadRi	1	4	3	1	3	4	4	4	4	4	3	3	3	1	2	2	1	3	1	1	1	1	3	3	3	4	2	4	2	1	1	2	2	4	3	3	1	4	2	2	4	4	1	1	1	1	1	1	3	3	1	1	2	4	2	1	1	3	4	1	2	4	4	4	3	3	2	2	1	3	3	1	4	4	3	3	4	4	4	4	1	3	3	1	2	4	2	2	1	1
reference	BlMadRi09	Klamath	BlMadRi	4	4	1	1	3	3	1	4	4	4	3	1	3	1	2	2	3	3	1	1	1	3	3	3	4	4	2	4	1	1	1	2	4	4	4	3	1	1	2	2	4	4	1	1	1	1	2	1	3	3	1	1	4	4	2	1	3	3	1	1	2	2	4	4	1	1	2	2	1	1	1	1	1	1	1	3	4	4	4	4	1	3	1	1	2	2	4	2	4	1
reference	BlMadRi10	Klamath	BlMadRi	1	4	1	1	3	3	4	4	2	4	3	3	3	3	2	2	3	3	1	1	1	3	3	3	3	3	4	4	1	1	1	2	2	4	4	3	1	4	2	2	4	2	1	1	1	1	1	1	3	3	1	4	4	4	1	1	3	3	1	1	2	2	4	4	1	3	2	2	1	1	1	1	4	1	3	3	4	4	4	4	1	1	1	1	2	4	2	2	4	4
reference	BlMadRi11	Klamath	BlMadRi	1	1	1	1	3	3	1	4	2	4	3	1	1	1	2	2	3	3	3	1	1	3	2	3	3	3	2	2	1	1	2	2	2	4	4	3	4	4	2	2	4	2	1	1	1	1	1	1	1	3	1	1	2	4	2	2	1	1	4	4	2	2	4	4	1	3	2	3	1	1	3	3	4	1	1	3	3	3	4	4	3	3	1	1	2	2	4	2	4	1
reference	BlMadRi12	Klamath	BlMadRi	1	1	1	1	3	4	4	4	4	4	3	3	1	1	2	1	3	3	3	1	1	3	2	3	3	4	4	4	1	1	1	2	4	4	4	3	1	4	2	2	4	2	1	1	1	1	2	1	1	3	1	1	2	4	1	1	1	3	1	1	2	4	4	4	1	3	2	2	1	1	3	3	4	4	1	3	4	4	4	4	1	3	1	1	4	4	2	2	4	1
reference	BlMadRi13	Klamath	BlMadRi	1	4	3	1	4	4	1	4	4	4	3	3	3	3	2	1	1	3	1	1	1	1	3	3	3	4	4	4	2	1	1	2	2	4	3	3	1	4	2	2	4	4	1	1	1	1	1	1	3	3	1	1	2	2	2	1	3	3	1	1	2	4	1	4	3	3	2	2	1	1	3	1	4	4	1	3	4	4	4	4	1	3	1	1	2	2	2	2	4	1
reference	BlMadRi14	Klamath	BlMadRi	1	4	3	1	3	3	4	4	4	4	3	1	1	1	2	2	3	3	1	1	1	3	3	3	3	3	2	4	1	1	1	1	2	4	4	3	1	4	1	2	4	2	2	1	1	1	2	1	1	1	1	1	2	4	1	1	1	3	4	1	2	4	4	4	3	3	2	2	1	1	3	3	1	1	1	3	4	4	4	4	1	3	1	1	2	4	2	2	4	1
reference	BlMadRi15	Klamath	BlMadRi	1	4	1	1	4	4	4	4	4	4	3	3	3	1	2	1	3	3	1	1	1	1	3	3	3	3	2	4	2	1	1	2	4	4	3	3	1	4	2	2	4	4	1	1	1	1	2	1	1	1	1	1	2	2	1	1	3	3	4	1	2	4	1	4	1	3	2	2	3	3	3	1	4	4	3	3	4	4	4	4	1	1	3	1	2	2	2	2	4	1
reference	BlMadRi16	Klamath	BlMadRi	1	4	3	1	3	4	1	4	4	4	3	1	3	1	2	2	1	3	1	1	1	1	3	3	3	3	2	4	1	1	1	2	2	2	3	3	1	4	2	2	4	4	1	1	1	1	2	1	1	3	1	1	2	4	1	1	1	3	4	1	4	4	4	4	1	3	2	2	1	3	1	1	4	4	3	3	3	4	4	4	1	3	3	1	2	4	2	2	1	1
reference	BlMadRi17	Klamath	BlMadRi	1	4	1	1	4	4	1	4	4	4	3	3	3	3	2	1	1	3	3	1	1	1	3	3	3	3	2	4	1	1	1	2	2	2	3	3	1	4	2	2	4	4	1	1	1	1	2	1	1	3	1	1	2	2	2	1	1	3	1	1	2	4	1	4	3	3	2	2	1	3	3	1	4	4	1	3	3	4	4	4	1	3	1	1	2	4	2	2	1	1
reference	BlMadRi18	Klamath	BlMadRi	1	4	1	1	4	4	1	4	4	4	3	3	3	1	2	2	1	3	3	1	1	1	3	3	3	3	2	4	2	1	1	2	4	4	4	3	1	4	2	2	4	4	1	1	1	1	1	1	1	1	1	1	2	2	2	1	1	1	4	1	4	4	4	4	1	3	2	2	1	3	1	1	4	4	1	3	4	4	4	4	1	3	3	1	2	4	2	2	1	1
reference	BlMadRi19	Klamath	BlMadRi	1	1	1	1	3	4	1	4	4	4	3	3	3	1	2	1	1	3	3	1	1	1	2	2	3	3	2	2	1	1	1	2	4	4	3	3	4	4	2	2	4	2	2	1	1	1	2	1	1	3	1	1	2	2	1	1	1	3	4	1	2	4	4	4	1	1	2	3	1	1	1	1	4	4	3	3	3	4	4	4	1	1	1	1	2	4	2	2	4	1
reference	BlMadRi20	Klamath	BlMadRi	1	1	1	1	3	3	4	4	4	4	3	3	3	3	2	1	1	1	3	1	1	1	3	3	3	3	2	4	1	1	1	2	2	4	4	3	1	1	2	2	4	2	2	1	1	1	2	1	1	3	1	1	2	4	2	1	1	3	1	1	2	4	4	4	1	3	2	2	1	1	3	3	4	1	3	3	4	4	4	4	1	1	3	1	2	2	4	2	4	4
reference	BlMadRi21	Klamath	BlMadRi	1	4	3	1	4	4	1	4	4	4	3	3	3	1	2	1	3	3	3	1	1	1	3	3	3	3	2	4	2	1	1	2	2	2	3	3	1	4	2	2	4	4	1	1	1	1	1	1	1	3	1	1	2	4	1	1	3	3	4	1	2	4	4	4	1	3	2	2	1	3	1	1	4	4	1	3	3	4	4	4	1	1	1	1	2	4	2	2	4	4
reference	BlMadRi22	Klamath	BlMadRi	1	1	3	1	3	4	4	4	2	4	3	3	3	1	2	1	1	3	1	1	1	1	2	2	3	3	2	4	1	1	2	2	2	4	4	3	4	4	2	2	4	4	1	1	1	1	2	2	3	3	1	1	2	2	2	1	1	1	4	1	2	4	4	4	1	3	2	3	1	3	1	1	4	1	3	3	4	4	4	4	1	1	1	1	2	4	4	2	4	1
reference	BlMadRi23	Klamath	BlMadRi	4	4	1	1	3	4	4	4	4	4	3	1	1	1	2	1	3	3	3	3	1	3	3	3	3	3	2	4	1	1	1	2	2	4	3	3	1	4	2	2	4	2	1	1	1	1	2	1	3	3	1	1	2	4	1	1	1	3	4	1	4	4	4	4	1	1	2	3	1	1	1	1	4	1	3	3	3	4	4	4	1	3	1	1	2	4	4	2	4	1
reference	BlMadRi24	Klamath	BlMadRi	1	4	1	1	3	4	4	4	4	4	3	3	3	1	2	1	1	3	3	1	1	1	3	3	3	4	4	4	1	1	1	2	2	4	3	3	1	4	2	2	4	4	1	1	1	1	2	1	1	3	1	1	2	2	2	1	1	3	1	1	4	4	1	4	3	3	2	2	1	1	3	1	4	4	1	3	4	4	4	4	1	3	3	1	2	4	2	2	4	1
reference	BlMadRi25	Klamath	BlMadRi	1	1	1	1	3	3	1	4	2	2	3	3	3	1	2	2	3	3	3	1	1	1	2	2	3	3	4	4	1	1	1	2	2	4	4	3	1	4	2	2	2	2	1	1	1	1	1	1	1	3	1	1	2	2	1	1	1	3	4	1	2	2	4	4	1	3	2	3	1	3	3	1	4	4	1	3	4	4	4	4	1	1	1	1	2	4	2	2	1	1
reference	BlMadRi26	Klamath	BlMadRi	1	1	1	1	3	4	4	4	4	4	3	3	3	1	2	1	1	3	3	3	1	1	3	3	3	4	2	4	1	1	2	2	2	4	4	4	4	4	2	2	2	2	1	1	1	1	2	1	3	3	1	1	4	4	1	1	3	3	1	1	2	2	4	4	1	3	2	2	1	1	3	1	4	1	3	3	4	4	4	4	1	1	3	1	2	2	2	2	4	1
reference	BlMadRi27	Klamath	BlMadRi	1	1	3	1	4	4	1	4	4	4	3	1	3	1	2	2	1	3	3	1	1	1	2	3	3	3	2	4	1	1	2	2	2	4	3	3	4	4	2	2	4	2	2	2	1	1	1	1	3	3	1	1	2	4	1	1	1	3	1	1	2	4	4	4	1	1	3	3	1	1	3	1	4	4	1	3	3	3	4	4	1	1	1	1	2	2	4	2	4	1
reference	BlMadRi28	Klamath	BlMadRi	4	4	3	1	4	4	1	4	4	4	3	1	3	3	2	2	3	3	3	3	1	1	2	3	3	3	4	4	1	1	2	2	2	2	3	3	4	4	2	2	4	2	2	1	1	1	1	1	3	3	1	1	2	4	1	1	1	3	1	1	2	4	4	4	1	3	2	3	1	1	1	1	4	1	1	3	3	4	4	1	1	3	1	1	2	4	4	2	4	1
reference	BlMadRi29	Klamath	BlMadRi	1	4	1	1	4	4	1	4	4	4	3	3	3	1	2	1	1	3	3	1	1	1	3	3	3	3	4	4	2	1	1	2	2	4	4	3	1	4	2	2	4	4	1	1	1	1	1	1	3	3	1	1	2	4	2	1	3	3	1	1	2	4	1	4	3	3	2	2	1	1	1	1	4	4	1	3	3	4	4	4	1	3	1	1	2	4	2	2	4	1
reference	BlMadRi30	Klamath	BlMadRi	1	4	1	1	4	4	1	4	4	4	3	3	3	1	2	1	1	3	1	1	1	1	3	3	3	4	2	4	2	1	1	2	2	4	3	3	1	4	2	2	4	4	1	1	1	1	1	1	3	3	1	1	2	2	2	1	1	3	4	1	2	4	4	4	3	3	2	2	1	3	3	1	4	4	1	3	3	4	4	4	1	3	3	1	2	4	2	2	1	1
reference	BlMadRi31	Klamath	BlMadRi	1	1	3	1	3	3	1	4	2	4	3	3	3	1	1	1	1	1	1	1	1	3	3	3	3	3	2	4	2	1	2	2	2	4	3	3	4	4	2	2	4	2	1	1	1	1	1	1	1	3	1	1	2	2	1	1	1	3	4	1	2	2	4	4	1	3	2	2	1	3	3	3	4	4	3	3	3	3	4	4	1	3	1	1	2	2	2	2	4	1
reference	HoEelRi02	Klamath	HoEelRi	4	4	3	1	3	4	4	4	2	4	1	1	3	1	2	1	1	3	3	3	1	3	2	3	3	3	2	4	1	1	2	2	4	4	3	3	4	4	2	2	4	4	1	1	2	1	1	1	1	3	1	1	2	4	2	1	1	3	4	1	2	4	4	4	1	1	2	2	1	1	1	1	4	4	1	3	3	4	4	4	1	1	1	1	4	4	2	2	1	1
reference	HoEelRi03	Klamath	HoEelRi	1	4	3	1	3	3	1	4	2	2	3	3	3	1	2	2	1	3	1	1	1	1	3	3	3	3	4	4	1	1	1	2	2	2	4	3	1	4	2	2	4	2	1	1	1	1	1	1	3	3	1	1	2	2	1	1	1	3	4	1	2	4	4	4	1	1	2	3	3	3	1	1	4	1	1	3	3	4	4	4	1	1	3	1	2	4	2	2	4	1
reference	HoEelRi04	Klamath	HoEelRi	1	4	3	1	3	4	4	4	2	2	3	3	1	1	2	1	1	3	3	3	1	1	3	3	3	4	2	2	1	1	1	2	2	4	3	3	4	4	2	2	4	4	2	1	1	1	2	1	3	3	1	1	2	4	1	1	3	3	4	1	2	4	4	4	1	3	3	3	1	3	1	1	1	1	3	3	3	4	4	4	1	1	3	1	2	4	2	2	4	4
reference	HoEelRi05	Klamath	HoEelRi	4	4	1	1	4	4	4	4	2	4	3	1	3	3	2	2	1	3	3	1	1	1	2	3	3	3	2	4	1	1	2	2	4	4	4	3	4	4	2	2	4	2	1	1	1	1	1	1	3	3	1	1	2	4	1	1	1	1	1	1	2	2	1	4	3	3	3	3	1	1	1	1	4	1	3	3	4	4	4	4	1	1	1	1	2	2	2	2	4	1
reference	HoEelRi06	Klamath	HoEelRi	4	4	3	1	3	3	4	4	2	4	3	3	3	1	2	2	1	1	1	1	1	1	3	3	3	4	4	4	1	1	1	2	2	2	4	4	1	1	2	2	4	2	2	1	1	1	1	1	1	3	1	1	4	4	1	1	1	3	4	1	2	4	4	4	1	3	2	3	1	3	1	1	4	4	3	3	3	4	4	4	1	1	1	1	2	4	2	2	4	1
reference	HoEelRi07	Klamath	HoEelRi	1	4	1	1	3	4	1	4	2	4	3	3	3	1	2	2	1	3	1	1	1	3	3	3	3	3	2	2	NA	NA	2	2	2	4	4	3	1	4	2	2	4	4	1	1	1	1	2	1	3	3	1	1	2	4	1	1	1	3	4	1	2	2	1	4	1	3	2	3	1	1	3	3	4	1	3	3	4	4	4	4	1	3	1	1	2	2	2	2	4	1
reference	HoEelRi08	Klamath	HoEelRi	4	4	3	1	3	3	4	4	2	4	3	3	3	1	2	2	1	3	3	1	1	1	3	3	3	4	2	2	1	1	1	2	2	4	4	3	1	4	2	2	4	4	1	1	1	1	1	1	3	3	1	1	2	2	1	1	1	3	1	1	2	4	4	4	1	3	2	3	1	3	1	1	4	4	3	3	3	3	4	4	1	1	3	1	2	4	4	2	4	4
reference	HoEelRi09	Klamath	HoEelRi	1	1	3	1	3	4	1	4	4	4	3	3	3	1	2	2	3	3	1	1	1	1	3	3	3	3	4	4	1	1	1	2	2	4	4	3	1	4	2	2	4	4	1	1	1	1	1	1	1	3	1	1	2	4	2	1	1	3	1	1	2	2	4	4	3	3	2	3	1	1	3	3	4	1	1	3	4	4	4	4	1	1	3	1	2	4	4	2	4	4
reference	HoEelRi10	Klamath	HoEelRi	4	4	3	1	4	4	4	4	4	4	3	3	1	1	2	2	3	3	3	1	1	1	3	3	3	3	2	4	1	1	1	2	2	4	4	4	4	4	2	2	4	4	2	1	1	1	1	1	3	3	1	1	2	2	1	1	1	3	1	1	2	2	1	4	1	1	2	2	1	3	1	1	4	4	1	3	3	4	4	1	1	1	3	3	2	4	4	2	4	1
reference	HoEelRi11	Klamath	HoEelRi	1	4	3	1	3	3	4	4	2	4	1	1	3	1	2	2	1	3	3	1	1	1	3	3	3	3	4	4	1	1	1	2	2	4	4	3	1	1	2	2	4	2	1	1	1	1	2	1	3	3	1	1	2	2	2	1	3	3	1	1	2	2	4	4	1	3	2	3	1	1	1	1	4	1	3	3	4	4	4	4	1	1	3	1	2	2	4	2	4	4
reference	HoEelRi12	Klamath	HoEelRi	1	4	1	1	3	4	1	4	4	4	3	1	1	1	2	2	1	3	3	1	1	1	2	3	3	4	4	4	1	1	1	2	2	2	4	3	1	1	2	2	4	2	1	1	1	1	1	1	1	3	1	1	2	2	1	1	1	3	1	1	2	4	4	4	3	3	2	3	1	1	1	1	4	1	3	3	3	4	4	4	1	1	3	1	2	2	2	2	4	1
reference	HoEelRi13	Klamath	HoEelRi	1	4	3	1	3	4	4	4	2	2	1	1	3	1	2	2	1	3	3	1	1	3	2	3	3	3	4	4	1	1	2	2	4	4	4	3	1	4	2	2	4	4	1	1	1	1	1	1	1	3	1	1	2	4	1	1	1	3	1	1	2	4	4	4	1	3	3	3	1	1	3	1	4	4	3	3	3	4	4	4	1	1	1	1	2	4	2	2	4	4
reference	HoEelRi14	Klamath	HoEelRi	1	1	1	1	3	4	4	4	4	4	3	1	1	1	2	2	1	3	3	3	1	1	2	3	3	4	2	4	1	1	1	2	2	4	4	4	1	4	2	2	4	2	2	2	1	1	1	1	3	3	1	1	2	4	1	1	1	3	4	1	2	4	1	4	1	3	2	3	1	3	3	1	4	4	3	3	3	3	4	4	1	1	3	1	2	4	4	2	4	1
reference	HoEelRi15	Klamath	HoEelRi	1	4	3	1	4	4	4	4	2	2	3	3	3	1	2	2	1	3	3	1	1	1	3	3	3	4	4	4	1	1	2	2	2	2	4	3	1	4	2	2	4	2	1	1	1	1	2	1	1	3	1	1	2	2	1	1	3	3	4	1	4	4	4	4	1	1	2	3	1	3	1	1	4	4	1	3	3	4	4	4	1	1	3	1	2	4	2	2	4	1
reference	HoEelRi16	Klamath	HoEelRi	1	4	3	1	4	4	4	4	2	2	3	3	3	3	2	2	3	3	1	1	1	1	3	3	3	4	2	4	1	1	1	2	2	2	4	4	1	4	2	2	4	2	2	1	1	1	2	1	1	3	1	1	2	2	1	1	3	3	4	1	2	4	4	4	1	1	2	3	1	1	1	1	4	4	1	3	3	4	4	4	1	1	3	1	2	4	2	2	4	4
reference	HoEelRi17	Klamath	HoEelRi	1	1	3	3	3	4	1	4	4	4	1	1	1	1	2	2	1	1	3	3	1	3	3	3	3	4	2	4	1	1	1	2	4	4	3	3	1	1	2	2	4	4	2	2	1	1	1	1	1	3	1	1	2	2	2	1	3	3	1	1	2	2	4	4	1	1	2	2	3	3	3	1	4	4	3	3	4	4	4	4	1	1	1	1	2	4	2	2	4	4
reference	HoEelRi19	Klamath	HoEelRi	1	1	1	1	3	4	4	4	2	2	3	3	1	1	2	2	3	3	3	3	1	1	3	3	3	3	4	4	1	1	1	2	2	4	4	4	1	1	2	2	4	4	2	1	1	1	2	1	3	3	1	1	2	4	1	1	1	3	4	1	2	4	4	4	1	3	2	2	1	1	1	1	4	4	1	3	3	4	4	4	1	1	3	1	2	4	2	2	4	4
reference	HoEelRi20	Klamath	HoEelRi	4	4	1	1	4	4	4	4	4	4	3	1	3	1	2	2	3	3	3	1	1	1	3	3	3	3	2	4	1	1	2	2	4	4	4	3	1	4	2	2	4	2	1	1	1	1	2	1	3	3	1	1	2	4	1	1	3	3	1	1	2	2	1	4	3	3	2	2	1	1	3	1	4	1	3	3	3	3	4	4	1	1	1	1	2	2	4	2	4	4
reference	HoEelRi21	Klamath	HoEelRi	4	4	1	1	3	4	1	4	2	2	3	3	3	1	2	2	3	3	3	1	1	1	3	3	3	4	4	4	1	1	1	2	2	4	4	3	1	4	2	2	4	2	1	1	1	1	2	1	3	3	1	1	2	4	1	1	3	3	4	4	4	4	4	4	1	1	3	3	1	1	1	1	4	1	3	3	3	4	1	1	1	3	1	1	4	4	4	2	4	1
reference	HoEelRi22	Klamath	HoEelRi	1	4	1	1	3	4	4	4	2	4	3	3	3	3	2	2	1	3	3	1	1	3	2	2	3	4	4	4	1	1	2	2	2	4	4	4	1	1	2	2	4	2	1	1	1	1	1	1	1	3	1	1	2	2	1	1	1	1	4	1	2	4	4	4	3	3	2	3	1	3	1	1	4	4	1	3	3	4	4	4	1	1	1	1	2	4	2	2	4	1
reference	HoEelRi23	Klamath	HoEelRi	1	1	3	1	3	4	4	4	2	4	3	3	3	1	2	2	3	3	3	3	1	1	3	3	3	3	4	4	1	1	2	2	2	2	4	4	1	4	2	2	2	2	1	1	1	1	1	1	3	3	1	1	2	2	1	1	1	3	4	1	4	4	4	4	1	3	2	2	1	1	1	1	4	4	1	3	3	4	4	4	1	1	3	1	2	4	2	2	4	4
reference	HoEelRi24	Klamath	HoEelRi	1	1	3	1	4	4	4	4	2	4	1	1	3	1	2	2	1	3	3	1	1	1	3	3	3	4	2	2	1	1	2	2	2	2	3	3	4	4	2	2	4	4	1	1	1	1	1	1	3	3	1	1	4	4	1	1	1	3	1	1	2	4	4	4	1	3	2	3	1	3	1	1	4	1	3	3	4	4	4	4	1	1	3	1	4	4	4	2	4	4
reference	HoEelRi26	Klamath	HoEelRi	1	1	1	1	4	4	1	4	2	4	3	1	3	1	2	2	3	3	1	1	1	1	3	3	3	3	2	2	1	1	1	2	2	2	4	3	1	4	2	2	4	4	1	1	1	1	2	1	3	3	1	1	2	4	1	1	1	3	4	1	2	4	4	4	1	3	2	3	1	3	1	1	4	4	3	3	4	4	4	4	1	1	3	1	2	4	2	2	4	4
reference	HoEelRi27	Klamath	HoEelRi	4	4	1	1	3	4	4	4	4	4	1	1	3	1	2	2	1	1	3	3	1	1	2	2	3	4	4	4	1	1	2	2	2	4	3	3	1	4	2	2	4	4	1	1	2	1	1	1	1	3	1	1	2	4	1	1	1	3	4	1	2	4	4	4	1	1	2	2	1	1	1	1	4	4	3	3	3	4	4	4	1	1	1	1	2	2	2	2	1	1
reference	HoEelRi28	Klamath	HoEelRi	1	4	1	1	3	4	1	4	2	4	1	1	3	1	2	2	1	1	1	1	1	3	3	3	3	3	2	4	1	1	2	2	2	4	3	3	1	1	2	2	4	4	2	1	1	1	1	1	3	3	1	1	2	2	1	1	3	3	1	1	4	4	4	4	1	3	3	3	1	1	3	1	1	1	3	3	4	4	4	4	1	3	3	1	2	4	2	2	4	1
reference	HoEelRi29	Klamath	HoEelRi	1	4	1	1	3	4	4	4	2	4	3	3	3	1	2	1	3	3	3	1	1	1	3	3	3	3	2	4	1	1	1	2	2	4	4	4	1	4	2	2	2	2	1	1	1	1	1	1	3	3	1	1	2	2	2	1	1	3	4	1	2	4	1	4	1	1	2	2	1	3	3	1	4	1	3	3	3	4	4	4	1	3	3	1	2	2	2	2	4	4
reference	HoEelRi30	Klamath	HoEelRi	1	4	3	1	4	4	4	4	2	4	3	1	3	1	2	2	3	3	3	3	1	1	3	3	3	4	2	4	1	1	1	2	4	4	3	3	4	4	2	2	4	2	2	1	1	1	1	1	3	3	1	1	2	4	1	1	1	3	1	1	2	2	4	4	3	3	2	2	1	1	3	1	4	4	3	3	3	4	4	4	1	1	1	1	2	4	2	2	4	1
reference	HoEelRi32	Klamath	HoEelRi	1	1	3	1	4	4	4	4	2	4	3	1	3	1	2	2	3	3	3	3	1	1	2	3	3	3	4	4	1	1	1	2	2	4	4	3	1	1	2	2	2	2	1	1	1	1	2	2	3	3	1	1	2	2	1	1	3	3	4	1	2	4	1	4	3	3	2	3	1	1	3	1	4	4	1	3	3	4	4	4	1	1	1	1	2	4	4	2	4	4
reference	LaEelRi02	Klamath	LaEelRi	1	1	3	1	3	4	4	4	4	4	1	1	1	1	2	1	3	3	3	3	1	3	3	3	3	3	2	4	1	1	1	2	2	4	4	4	1	4	2	2	4	2	1	1	1	1	2	1	3	3	1	1	2	4	1	1	3	3	4	1	2	4	4	4	1	1	2	3	1	1	3	1	4	1	1	1	4	4	4	4	1	3	1	1	2	4	4	2	4	4
reference	LaEelRi03	Klamath	LaEelRi	1	1	1	1	3	4	4	4	2	2	3	3	3	1	2	2	1	3	3	1	1	1	2	3	3	3	2	4	NA	NA	1	1	2	4	4	3	4	4	2	2	4	4	1	1	2	1	1	1	3	3	1	1	2	2	2	1	3	3	1	1	2	2	1	4	1	1	2	2	1	3	3	1	4	4	3	3	3	4	4	4	1	1	1	1	4	4	4	2	4	4
reference	LaEelRi04	Klamath	LaEelRi	1	1	3	1	3	4	4	4	4	4	1	1	3	1	2	2	3	3	3	3	1	1	3	3	3	3	2	4	1	1	1	2	2	2	4	4	1	4	2	2	4	2	1	1	1	1	1	1	3	3	1	1	2	2	1	1	3	3	1	1	4	4	4	4	1	3	2	3	1	1	3	3	1	1	1	3	3	4	4	4	1	1	3	1	2	4	4	2	4	1
reference	LaEelRi05	Klamath	LaEelRi	1	1	3	1	3	4	1	4	4	4	3	1	1	1	2	2	1	3	1	1	1	1	2	3	3	3	4	4	1	1	1	2	2	4	4	4	1	1	2	2	4	4	1	1	1	1	1	1	1	3	1	1	2	4	2	1	1	3	4	1	2	2	4	4	1	3	3	3	1	3	3	1	4	4	1	1	4	4	4	1	1	1	3	1	2	4	4	2	1	1
reference	LaEelRi06	Klamath	LaEelRi	1	4	1	1	3	4	4	4	2	4	3	3	1	1	2	2	1	3	3	1	1	1	2	3	3	4	2	4	1	1	1	1	4	4	4	4	1	4	2	2	2	2	1	1	1	1	1	1	1	3	1	1	2	4	1	1	3	3	1	1	2	4	1	1	1	3	3	3	1	1	1	1	4	4	3	3	3	4	4	4	1	1	3	1	2	2	2	2	4	1
reference	LaEelRi07	Klamath	LaEelRi	1	4	1	1	3	3	1	4	2	4	1	1	1	1	2	1	1	3	3	3	1	3	3	3	3	3	2	2	1	1	1	1	2	4	4	3	1	4	2	2	4	4	2	1	1	1	2	1	1	1	1	1	2	4	2	1	1	3	1	1	2	2	4	4	1	3	2	2	1	1	1	1	4	4	1	1	4	4	4	4	1	1	1	1	2	2	2	2	4	4
reference	LaEelRi08	Klamath	LaEelRi	1	1	1	1	3	4	4	4	2	4	3	3	3	1	2	2	3	3	3	3	1	3	2	3	4	4	4	4	1	1	2	2	2	4	4	4	1	1	2	2	4	4	2	1	1	1	1	1	3	3	1	1	2	4	1	1	1	1	1	1	2	2	1	4	1	3	2	2	1	3	1	1	4	4	1	1	4	4	4	4	1	1	1	1	2	4	2	2	4	1
reference	LaEelRi09	Klamath	LaEelRi	1	4	1	1	3	4	4	4	4	4	3	3	1	1	2	2	3	3	3	3	1	1	3	3	3	3	4	4	1	1	1	2	2	4	3	3	4	4	2	2	4	2	1	1	1	1	1	1	1	3	1	1	2	2	2	1	3	3	4	1	2	4	4	4	3	3	2	2	1	1	3	1	4	4	1	3	4	4	4	1	1	1	3	1	2	2	2	2	4	4
reference	LaEelRi10	Klamath	LaEelRi	1	4	3	3	3	3	1	4	4	4	3	1	3	1	2	2	1	3	1	1	3	3	3	3	3	4	2	4	1	1	1	2	2	4	4	4	1	1	2	2	2	2	1	1	1	1	1	1	3	3	1	1	2	4	1	1	3	3	4	1	2	2	1	4	3	3	2	3	1	1	1	1	4	1	1	3	3	3	4	4	1	3	1	1	2	2	4	2	4	1
reference	LaEelRi11	Klamath	LaEelRi	1	1	3	1	3	4	1	4	4	4	3	1	3	1	2	1	3	3	3	3	1	3	3	3	3	4	2	4	1	1	2	2	2	4	4	4	4	4	2	2	4	2	1	1	1	1	2	1	3	3	1	1	4	4	1	1	1	3	4	1	2	4	1	4	1	1	2	3	1	1	3	1	4	1	1	3	4	4	4	4	3	3	3	1	2	4	4	4	4	1
reference	LaEelRi12	Klamath	LaEelRi	1	1	3	1	3	4	4	4	2	4	3	1	1	1	2	1	3	3	3	3	1	1	2	3	3	3	2	2	1	1	2	2	4	4	4	3	4	4	2	2	4	2	1	1	1	1	2	1	3	3	1	1	2	4	1	1	1	3	1	1	4	4	1	4	1	3	3	3	1	1	1	1	4	1	1	3	4	4	4	4	1	1	1	1	2	4	4	2	4	1
reference	LaEelRi13	Klamath	LaEelRi	1	4	1	1	4	4	4	4	4	4	3	1	1	1	2	2	1	3	3	1	1	1	3	3	3	4	4	4	1	1	1	2	2	4	4	4	1	1	2	2	4	2	1	1	1	1	1	1	3	3	1	1	2	4	1	1	1	3	1	1	2	4	1	4	1	1	2	2	1	3	1	1	4	4	3	3	3	4	4	4	1	1	1	1	4	4	4	2	4	1
reference	LaEelRi14	Klamath	LaEelRi	1	4	1	1	3	4	1	1	2	4	3	1	1	1	2	2	1	3	1	1	1	3	2	3	3	4	2	4	1	1	1	2	2	4	4	4	4	4	2	2	4	4	1	1	1	1	2	1	3	3	1	1	2	4	1	1	3	3	4	1	2	4	1	1	1	1	2	2	1	3	3	1	4	4	3	3	3	4	4	1	1	1	1	1	2	4	4	2	4	1
reference	LaEelRi15	Klamath	LaEelRi	1	1	3	1	3	4	1	4	4	4	3	1	1	1	2	1	1	3	1	1	1	1	3	3	3	3	2	4	NA	NA	1	1	2	4	4	3	1	4	1	2	4	4	1	1	1	1	1	1	1	3	1	1	2	2	2	1	3	3	1	1	2	4	4	4	1	3	3	3	1	3	3	3	4	4	3	3	4	4	4	4	1	1	3	1	2	4	2	2	1	1
reference	LaEelRi16	Klamath	LaEelRi	1	4	1	1	3	4	1	4	2	2	3	1	3	1	NA	NA	3	3	3	1	1	3	3	3	3	3	4	4	2	1	1	2	2	4	4	3	4	4	2	2	4	4	1	1	1	1	2	1	3	3	1	1	2	4	2	1	1	1	4	4	2	4	1	4	1	3	3	3	1	1	1	1	4	1	3	3	3	4	4	1	1	1	1	1	2	4	2	2	4	1
reference	LaEelRi17	Klamath	LaEelRi	1	4	3	1	3	4	4	4	2	4	3	1	1	1	2	1	3	3	3	1	1	3	2	3	3	3	4	4	1	1	2	2	2	2	4	3	4	4	2	2	4	4	2	1	1	1	1	1	3	3	1	1	2	4	2	1	1	1	1	1	2	4	4	4	1	1	2	3	1	3	1	1	4	1	1	3	3	4	4	4	1	1	1	1	2	4	4	2	4	4
reference	LaEelRi18	Klamath	LaEelRi	1	4	1	1	3	4	1	4	2	4	3	3	1	1	2	1	1	3	3	1	1	3	3	3	3	3	2	4	1	1	1	2	2	4	4	4	1	1	1	2	4	4	1	1	1	1	1	1	3	3	1	1	2	2	1	1	3	3	1	1	2	2	4	4	1	3	2	3	1	1	3	1	4	1	1	1	4	4	4	4	1	1	1	1	2	4	2	2	4	1
reference	LaEelRi19	Klamath	LaEelRi	1	4	3	1	4	4	1	4	4	4	3	3	3	1	2	2	1	3	3	3	1	1	2	3	3	4	NA	NA	1	1	1	1	2	2	3	3	1	4	2	2	4	4	2	1	1	1	1	1	1	3	1	1	2	2	1	1	3	3	4	4	2	2	4	4	1	3	3	3	1	1	1	1	4	4	1	3	3	4	4	4	1	1	1	1	2	2	2	2	4	4
reference	LaEelRi20	Klamath	LaEelRi	1	4	3	1	3	4	1	4	4	4	3	1	1	1	2	2	1	3	1	1	1	1	2	3	3	4	4	4	2	2	1	1	2	4	4	4	1	4	2	2	4	4	1	1	1	1	1	1	3	3	1	1	2	4	1	1	3	3	1	1	2	4	1	4	1	1	3	3	1	3	3	3	4	4	1	3	3	4	4	1	1	1	3	1	2	4	4	2	4	1
reference	LaEelRi21	Klamath	LaEelRi	4	4	3	1	3	3	1	4	4	4	3	3	3	1	2	1	1	3	3	1	1	1	3	3	4	4	2	4	1	1	1	1	2	4	3	3	1	4	2	2	4	4	1	1	1	1	1	1	1	3	1	1	2	2	2	1	1	3	1	1	2	4	4	4	1	3	2	3	1	1	3	3	4	4	1	3	3	4	4	4	1	1	1	1	2	4	2	2	4	1
reference	LaEelRi22	Klamath	LaEelRi	1	4	3	3	3	3	1	4	2	4	3	3	1	1	2	2	1	3	3	1	1	1	3	3	3	4	2	4	1	1	1	2	2	2	3	3	1	4	2	2	4	4	1	1	1	1	2	1	1	3	1	1	2	4	2	1	1	3	1	1	2	4	4	4	1	3	2	2	1	1	3	1	4	4	1	3	4	4	4	4	1	1	1	1	2	4	4	2	1	1
reference	LaEelRi23	Klamath	LaEelRi	1	1	1	1	3	4	4	4	2	2	3	1	1	1	2	2	3	3	3	1	1	3	2	3	3	4	2	4	2	2	2	2	2	4	3	3	1	1	2	2	4	4	1	1	1	1	2	1	1	3	1	1	2	2	1	1	1	3	4	1	2	4	4	4	1	1	2	3	1	1	3	1	4	1	1	3	3	4	4	4	1	3	3	3	2	4	2	2	4	1
reference	LaEelRi24	Klamath	LaEelRi	1	1	3	3	3	4	4	4	4	4	3	1	3	1	2	2	3	3	3	1	1	3	2	3	3	3	2	4	1	1	2	2	2	4	4	3	1	1	2	2	4	4	2	1	1	1	1	1	3	3	1	1	2	4	1	1	1	1	4	1	4	4	1	4	1	3	2	3	1	1	1	1	4	1	1	3	4	4	4	4	1	3	1	1	2	2	4	2	4	1
reference	LaEelRi25	Klamath	LaEelRi	1	4	3	1	3	4	4	4	4	4	1	1	3	3	2	2	1	1	3	1	1	1	3	3	3	4	4	4	1	1	1	2	4	4	4	3	1	4	2	2	4	2	1	1	1	1	2	1	3	3	1	1	2	4	2	2	3	3	4	1	2	2	1	4	1	3	2	2	1	3	3	1	4	4	1	3	3	4	4	4	1	3	1	1	2	2	2	2	4	1
reference	LaEelRi26	Klamath	LaEelRi	4	4	3	1	3	3	4	4	2	4	3	3	1	1	2	2	3	3	3	1	1	1	3	3	3	4	2	2	1	1	2	2	4	4	4	3	4	4	2	2	4	2	1	1	1	1	2	2	3	3	1	1	2	4	2	1	3	3	4	1	2	2	1	1	1	3	2	2	1	1	3	1	4	4	1	3	3	4	4	4	1	1	1	1	2	2	2	2	4	4
reference	LaEelRi27	Klamath	LaEelRi	4	4	1	1	3	3	4	4	2	2	3	3	1	1	2	1	1	1	3	1	1	1	3	3	3	4	4	4	1	1	2	2	2	4	3	3	4	4	2	2	2	2	1	1	1	1	2	1	3	3	1	1	2	4	1	1	1	3	4	1	4	4	4	4	1	3	2	3	1	3	3	1	4	1	3	3	4	4	4	4	1	3	1	1	2	2	2	2	4	1
reference	LaEelRi28	Klamath	LaEelRi	1	4	3	3	3	3	1	4	4	4	3	1	1	1	2	1	3	3	1	1	1	1	3	3	3	3	2	2	1	1	1	2	4	4	4	3	1	4	2	2	2	2	1	1	1	1	1	1	3	3	1	1	2	2	2	1	3	3	1	1	2	2	1	4	1	1	2	2	1	1	1	1	4	4	1	3	3	4	4	4	1	1	3	3	2	2	2	2	4	4
reference	LaEelRi29	Klamath	LaEelRi	1	1	3	3	3	4	4	4	2	4	3	1	3	3	2	2	1	3	3	1	1	3	2	3	3	3	4	4	1	1	2	2	2	4	4	3	1	4	2	2	4	2	1	1	1	1	2	1	3	3	1	1	2	2	1	1	1	3	4	1	2	4	1	4	1	1	3	3	1	1	1	1	4	1	1	3	3	4	4	4	1	3	1	1	2	2	4	2	4	1
reference	LaEelRi30	Klamath	LaEelRi	1	1	1	1	3	4	1	4	2	4	3	1	1	1	2	2	3	3	3	1	1	1	2	3	3	4	2	4	1	1	2	2	4	4	3	3	4	4	2	2	4	4	1	1	1	1	2	1	3	3	1	1	2	2	1	1	1	3	1	1	2	4	4	4	3	3	2	3	1	1	3	1	4	4	3	3	4	4	4	4	1	1	3	1	2	4	2	2	4	4
reference	LaEelRi31	Klamath	LaEelRi	1	1	1	1	3	4	4	4	4	4	3	1	1	1	2	2	3	3	3	3	1	1	2	3	3	3	2	4	2	1	1	2	4	4	4	3	1	4	2	2	4	2	1	1	1	1	2	2	3	3	1	1	2	2	1	1	1	3	4	4	4	4	1	4	1	1	2	2	1	1	3	1	4	4	3	3	3	4	4	4	1	3	1	1	2	2	4	2	4	4
